Total amount of ships that left the port via the Sea: 1174
	CrudeOilTanker: 7059
	BulkCarrier: 5673
	TugBoat: 8379
	SmallCargoFreighter: 4299

Average travel time for a vessel: 40.61913794942906

Average waiting time for a vessel in the anchorpoint: 68.80088629927013

Average number of vessels in the port: 350.123474802635

Total vessels in the port at every hour in the simulation: 
[0.0, 0.0, 0.0, 0.0, 0.0, 23.0, 72.0, 132.0, 208.0, 250.0, 324.0, 362.0, 396.0, 400.0, 400.0, 400.0, 400.0, 400.0, 400.0, 400.0, 399.0, 399.0, 398.0, 398.0, 396.0, 392.0, 392.0, 392.0, 392.0, 393.0, 390.0, 393.0, 392.0, 385.0, 385.0, 381.0, 376.0, 374.0, 377.0, 373.0, 374.0, 373.0, 369.0, 368.0, 367.0, 357.0, 355.0, 354.0, 339.0, 335.0, 327.0, 329.0, 329.0, 327.0, 338.0, 341.0, 344.0, 342.0, 342.0, 347.0, 348.0, 342.0, 347.0, 348.0, 351.0, 341.0, 341.0, 339.0, 337.0, 342.0, 352.0, 360.0, 358.0, 362.0, 368.0, 371.0, 366.0, 363.0, 361.0, 362.0, 367.0, 366.0, 359.0, 355.0, 353.0, 352.0, 358.0, 355.0, 350.0, 352.0, 357.0, 356.0, 357.0, 352.0, 360.0, 362.0, 364.0, 368.0, 361.0, 359.0, 354.0, 343.0, 341.0, 342.0, 339.0, 340.0, 349.0, 354.0, 352.0, 348.0, 351.0, 348.0, 354.0, 348.0, 344.0, 346.0, 344.0, 346.0, 344.0, 343.0, 346.0, 347.0, 349.0, 348.0, 349.0, 352.0, 362.0, 361.0, 356.0, 357.0, 354.0, 354.0, 355.0, 356.0, 363.0, 356.0, 358.0, 365.0, 368.0, 366.0, 363.0, 361.0, 361.0, 361.0, 352.0, 342.0, 343.0, 346.0, 347.0, 345.0, 347.0, 350.0, 348.0, 349.0, 350.0, 352.0, 350.0, 349.0, 348.0, 346.0, 347.0, 350.0, 349.0, 357.0, 358.0, 356.0, 360.0, 352.0]

Average idle time for Lock A: 0.0702711386036819

Average idle time for Lock B: 0.057614451733522774

Average idle time for Lock C: 0.05056260939907355

Times Lock A changed state without containing ships: 32

Times Lock B changed state without containing ships: 45

Times Lock C changed state without containing ships: 80

Remaining capacity for Lock A hourly: 
[62500, 62500, 125000, 62500, 62500, 65611, 62500, 2275, 62500, 62687, 326, 62500, 62548, 411, 62500, 63640, 26571, 62500, 62500, 125000, 62500, 62500, 124652, 62152, 62500, 118336, 62500, 62500, 57101, 119253, 46094, 61235, 107329, 62500, 33822, 113506, 61804, 62500, 57101, 102708, 45050, 35087, 93096, 51145, 46094, 80207, 22815, 46094, 1370, 78524, 40138, 43785, 71639, 23941, 55488, 64291, 28505, 45746, 40347, 99969, 59274, 60887, 105716, 62500, 50449, 71651, 29131, 56753, 56753, 123387, 44829, 50437, 89879, 50797, 55836, 89531, 35087, 24080, 51493, 108594, 44829, 39999, 89879, 28992, 61804, 113854, 24080, 45398, 21550, 101234, 60191, 40486, 102499, 49880, 40486, 78315, 39430, 60539, 59622, 90714, 27727, 56753, 97587, 27727, 60539, 96752, 56405, 50797, 61804, 71860, 38873, 45746, 59506, 59274, 56753, 105716, 44829, 11460, 50797, 114414, 39430, 51145, 82994, 33822, 49880, 89670, 62152, 49880, 31861, 87836, 38873, 51493, 116723, 38165, 39790, 62826, 61235, 62500, 38177, 85524, 50228, 51145, 90018, 49532, 34739, 88614, 50797, 51145, 43437, 91840, 40347, 61235, 112380, 38525, 62152, 79220, 49184, 40695, 44481, 89531, 61235, 46094, 102499, 62500, 27727, 93665, 26949, 45746]

Remaining capacity for Lock B hourly: 
[68000, 34000, 68000, 68000, 68000, 34000, 68000, 68000, 34000, 35606, 35606, 34214, 144, 34144, 34005, 34144, 34000, 34283, 34283, 34283, 283, 34283, 34283, 28601, 28884, 34283, 55632, 2375, 57880, 67652, 68000, 34000, 57202, 60640, 66735, 22993, 67652, 62601, 22645, 28884, 56993, 35397, 34000, 32322, 39531, 62253, 26988, 46616, 24741, 26354, 11290, 43538, 4062, 10721, 20816, 10656, 22928, 1258, 22429, 21872, 25658, 9456, 24393, 7987, 23128, 16329, 37930, 22220, 21032, 62253, 38974, 25310, 4626, 26215, 53059, 40799, 4974, 56158, 55601, 58458, 22645, 50759, 15695, 10373, 50550, 26923, 31962, 27557, 31962, 35188, 12130, 28253, 8556, 50898, 27967, 11638, 50550, 22777, 4974, 32310, 29093, 21303, 32735, 31393, 31393, 38057, 33652, 42842, 15429, 43677, 21032, 10169, 29789, 10582, 27619, 16821, 52502, 631, 36665, 21094, 25089, 20684, 11782, 18086, 30697, 979, 51667, 33784, 21032, 44025, 42412, 21303, 6587, 11561, 41147, 44930, 32387, 45499, 28536, 27132, 4626, 42760, 23833, 7843, 22081, 28188, 33436, 6239, 20619, 16125, 33587, 23202, 14999, 23346, 2727, 16898, 32870, 35049, 27336, 31614, 22429, 29232, 6239, 30836, 46755, 60071, 3361, 65691]

Remaining capacity for Lock C hourly: 
[51300, 76950, 76950, 51300, 76950, 51300, 66152, 55354, 29704, 32714, 26502, 52152, 28468, 27059, 52709, 26629, 25959, 52406, 25909, 22463, 26756, 52406, 27862, 26756, 44138, 29286, 32922, 54936, 34894, 76602, 50952, 76950, 52975, 50952, 71203, 33281, 63843, 60544, 39597, 49189, 45901, 38739, 56401, 28938, 62103, 48074, 53532, 32075, 17223, 24645, 18140, 56135, 37834, 28451, 21628, 2851, 47788, 30392, 33711, 40425, 11476, 32087, 28988, 25585, 35734, 12532, 17076, 46311, 23539, 21071, 34546, 37138, 51362, 29147, 43421, 38680, 36000, 58014, 11615, 53753, 27882, 47576, 24866, 34546, 76254, 38680, 29696, 25771, 17583, 45963, 33281, 41968, 60544, 29147, 69938, 32585, 37486, 57191, 38680, 41690, 37067, 15811, 64887, 16666, 32087, 27882, 19815, 17854, 6228, 30822, 10350, 43442, 34817, 21009, 25562, 23539, 35177, 62717, 32585, 28513, 28938, 49050, 49041, 49687, 52058, 37763, 27514, 52140, 24447, 65595, 37984, 42525, 26119, 27673, 25214, 43371, 59152, 36209, 23539, 37486, 15401, 16168, 40912, 6007, 15333, 29286, 54797, 62230, 27534, 34248, 36371, 29418, 28292, 51300, 42885, 20661, 39520, 25435, 22274, 52279, 28451, 29557, 54588, 3547, 16168, 11615, 18550, 35304]