Total amount of ships that left the port via the Sea: 1094
	CrudeOilTanker: 12677
	BulkCarrier: 21
	TugBoat: 12677
	SmallCargoFreighter: 16

Average travel time for a vessel: 44.742460987783666

Average waiting time for a vessel in the anchorpoint: 69.61388951573547

Average number of vessels in the port: 358.8014258344379

Total vessels in the port at every hour in the simulation: 
[0.0, 0.0, 0.0, 0.0, 0.0, 26.0, 67.0, 133.0, 236.0, 309.0, 394.0, 400.0, 400.0, 400.0, 400.0, 400.0, 400.0, 400.0, 399.0, 399.0, 399.0, 399.0, 399.0, 398.0, 399.0, 398.0, 399.0, 398.0, 397.0, 396.0, 396.0, 397.0, 396.0, 393.0, 393.0, 387.0, 389.0, 387.0, 387.0, 384.0, 384.0, 381.0, 382.0, 376.0, 378.0, 371.0, 367.0, 364.0, 364.0, 353.0, 354.0, 352.0, 358.0, 356.0, 362.0, 357.0, 364.0, 360.0, 362.0, 358.0, 363.0, 359.0, 359.0, 358.0, 356.0, 349.0, 356.0, 356.0, 359.0, 365.0, 365.0, 368.0, 370.0, 371.0, 371.0, 372.0, 375.0, 369.0, 372.0, 369.0, 372.0, 374.0, 375.0, 373.0, 380.0, 380.0, 370.0, 373.0, 374.0, 366.0, 368.0, 364.0, 361.0, 357.0, 361.0, 357.0, 363.0, 359.0, 360.0, 359.0, 360.0, 360.0, 370.0, 364.0, 367.0, 358.0, 362.0, 358.0, 363.0, 363.0, 358.0, 360.0, 358.0, 357.0, 367.0, 366.0, 368.0, 368.0, 369.0, 366.0, 372.0, 374.0, 373.0, 373.0, 369.0, 360.0, 365.0, 359.0, 360.0, 362.0, 362.0, 356.0, 359.0, 351.0, 353.0, 354.0, 358.0, 356.0, 363.0, 365.0, 364.0, 361.0, 362.0, 356.0, 360.0, 357.0, 361.0, 363.0, 362.0, 359.0, 361.0, 352.0, 351.0, 355.0, 358.0, 357.0, 366.0, 366.0, 363.0, 358.0, 358.0, 357.0, 362.0, 362.0, 362.0, 366.0, 370.0, 360.0]

Average idle time for Lock A: 0.05156541808835779

Average idle time for Lock B: 0.047619047619047616

Average idle time for Lock C: 0.04171632896305106

Times Lock A changed state without containing ships: 21

Times Lock B changed state without containing ships: 29

Times Lock C changed state without containing ships: 40

Remaining capacity for Lock A hourly: 
[62500, 62500, 62500, 62500, 62500, 62500, 62500, 3111, 62500, 118, 62500, 326, 62500, 1201, 62500, 1140, 62500, 1140, 62500, 1140, 62500, 6200, 57101, 51493, 61235, 62500, 51493, 51493, 62500, 62500, 62500, 62500, 56753, 51145, 40347, 62500, 56405, 62500, 40138, 51145, 57101, 39442, 51145, 29479, 37121, 62152, 32209, 62152, 19810, 29131, 314, 17428, 4239, 27739, 33474, 6073, 26253, 5377, 43785, 16732, 51493, 39094, 22119, 28435, 39303, 50449, 39790, 51145, 45398, 17080, 56753, 28435, 51493, 50797, 51493, 61456, 44481, 50449, 62152, 51145, 51145, 51493, 62152, 51145, 51493, 61804, 39790, 51145, 50101, 62152, 17428, 51493, 28087, 17776, 28435, 28435, 6769, 28783, 28087, 17428, 39094, 17428, 29131, 6073, 6073, 50797, 39790, 39094, 51145, 28783, 17428, 60412, 50797, 39442, 40138, 28783, 39442, 61456, 51145, 39094, 62152, 51145, 40138, 18124, 7117, 40138, 39790, 29479, 62152, 51493, 28435, 18124, 29131, 61804, 50449, 50797, 60760, 29131, 62152, 28087, 6421, 28783, 39094, 50797, 50101, 29131, 39790, 17428, 6769, 7117, 39094, 50449, 39790, 29131, 39442, 28435, 50449, 60412, 38746, 17428, 50797, 29131, 40138, 17776, 40138, 40486, 28783, 28435]

Remaining capacity for Lock B hourly: 
[34000, 68000, 34000, 34000, 68000, 34000, 34000, 68000, 34000, 34000, 34979, 283, 34000, 34283, 283, 34000, 34283, 283, 34000, 34283, 283, 34000, 34283, 283, 34000, 34283, 283, 34000, 23276, 283, 34000, 34283, 283, 33652, 33935, 283, 22993, 11921, 283, 34000, 12269, 283, 11986, 33935, 283, 631, 23276, 1198, 11290, 914, 979, 11986, 56645, 11290, 11638, 23276, 11986, 21949, 56297, 22645, 10594, 22928, 11638, 10594, 22580, 11290, 11290, 11573, 10594, 283, 566, 283, 283, 10877, 631, 283, 10181, 283, 283, 566, 9202, 283, 10877, 631, 283, 9833, 283, 283, 566, 283, 11290, 33239, 9202, 33652, 12617, 283, 631, 11225, 10942, 283, 56993, 631, 283, 10529, 631, 283, 11573, 11290, 283, 10181, 283, 631, 10877, 283, 21949, 21188, 283, 283, 9833, 631, 21601, 11921, 283, 283, 566, 10246, 631, 22928, 21949, 10594, 11225, 31912, 283, 11921, 631, 631, 1262, 283, 11290, 566, 631, 283, 566, 631, 631, 22928, 283, 283, 566, 10942, 283, 21536, 22993, 283, 11225, 10246, 283, 9833, 283, 283, 566, 283, 10594, 11225, 10246, 631, 10877, 10594]

Remaining capacity for Lock C hourly: 
[51300, 51300, 51300, 51300, 51300, 51300, 51300, 29286, 29286, 29286, 25806, 25806, 25806, 25806, 25806, 25806, 25806, 16539, 29286, 29286, 29286, 29286, 29286, 29286, 29286, 28938, 29286, 28938, 29286, 29286, 18279, 28938, 18279, 28938, 18279, 28938, 29286, 29286, 17583, 28242, 6924, 7272, 16539, 17931, 17235, 17583, 6576, 5880, 5880, 17583, 16887, 28242, 17235, 5532, 5532, 5880, 16539, 27546, 6576, 5532, 5532, 27546, 26850, 28242, 16191, 17235, 5880, 6228, 6576, 7272, 6576, 6228, 5532, 6576, 5184, 6924, 6924, 5880, 6924, 7272, 6576, 17931, 17235, 17583, 28590, 5880, 28938, 17931, 16887, 28242, 17931, 4836, 6228, 17235, 29286, 5184, 6576, 5532, 6576, 5184, 6576, 5880, 6228, 16191, 5880, 5532, 17583, 5532, 17235, 6576, 6924, 5880, 18279, 6924, 17235, 6228, 6924, 6576, 6576, 6924, 18279, 38205, 38205, 27198, 28938, 17583, 17583, 6228, 6576, 4836, 6924, 5184, 15843, 16539, 5880, 6228, 5532, 38205, 6576, 15843, 5880, 17583, 16887, 16191, 6228, 6576, 27546, 16539, 28242, 4836, 5532, 5184, 6576, 6228, 6576, 7272, 7272, 5184, 4836, 15843, 28242, 5532, 17583, 17931, 28242, 6228, 6228, 16539]