Total amount of ships that left the port via the Sea: 1203
	CrudeOilTanker: 0
	BulkCarrier: 2283
	TugBoat: 23280
	SmallCargoFreighter: 0

Average travel time for a vessel: 38.8379850640316

Average waiting time for a vessel in the anchorpoint: 66.67516351312648

Average number of vessels in the port: 345.90120389133136

Total vessels in the port at every hour in the simulation: 
[0.0, 0.0, 0.0, 0.0, 0.0, 10.0, 21.0, 30.0, 120.0, 214.0, 352.0, 400.0, 400.0, 400.0, 400.0, 400.0, 400.0, 400.0, 400.0, 397.0, 396.0, 395.0, 395.0, 391.0, 391.0, 392.0, 392.0, 389.0, 390.0, 386.0, 387.0, 383.0, 381.0, 378.0, 377.0, 374.0, 378.0, 364.0, 365.0, 367.0, 363.0, 348.0, 355.0, 345.0, 335.0, 327.0, 327.0, 318.0, 322.0, 318.0, 327.0, 330.0, 324.0, 329.0, 336.0, 333.0, 322.0, 333.0, 338.0, 333.0, 342.0, 337.0, 348.0, 349.0, 353.0, 350.0, 363.0, 363.0, 363.0, 364.0, 367.0, 367.0, 369.0, 360.0, 359.0, 358.0, 357.0, 355.0, 361.0, 359.0, 358.0, 362.0, 362.0, 362.0, 363.0, 358.0, 360.0, 363.0, 360.0, 353.0, 360.0, 353.0, 349.0, 344.0, 340.0, 326.0, 329.0, 324.0, 328.0, 335.0, 337.0, 334.0, 345.0, 348.0, 338.0, 338.0, 342.0, 340.0, 350.0, 340.0, 346.0, 354.0, 356.0, 353.0, 362.0, 364.0, 362.0, 360.0, 358.0, 359.0, 365.0, 355.0, 357.0, 357.0, 358.0, 356.0, 364.0, 354.0, 356.0, 358.0, 353.0, 355.0, 360.0, 359.0, 356.0, 357.0, 350.0, 335.0, 339.0, 340.0, 340.0, 345.0, 353.0, 355.0, 358.0, 351.0, 357.0, 351.0, 359.0, 357.0, 365.0, 362.0, 353.0, 349.0, 344.0, 341.0, 341.0, 335.0, 340.0, 346.0, 348.0, 352.0, 355.0, 351.0, 349.0, 354.0, 353.0, 345.0]

Average idle time for Lock A: 0.05978804802593047

Average idle time for Lock B: 0.08068882142857206

Average idle time for Lock C: 0.08401168712278635

Times Lock A changed state without containing ships: 25

Times Lock B changed state without containing ships: 32

Times Lock C changed state without containing ships: 58

Remaining capacity for Lock A hourly: 
[62500, 62500, 62500, 62500, 62500, 62500, 62500, 3111, 62500, 44752, 62500, 49276, 62500, 62500, 62500, 62500, 62500, 62500, 56405, 62500, 62152, 62500, 61804, 62500, 62500, 61804, 61804, 61804, 61804, 62152, 62500, 56753, 61456, 62152, 61804, 61804, 61108, 62500, 61804, 62152, 55013, 61108, 54665, 61456, 52925, 56405, 49962, 55709, 54665, 54317, 60412, 60064, 45259, 59368, 55709, 53621, 62152, 60760, 61456, 60760, 61108, 60064, 61108, 61456, 56405, 50658, 62500, 56405, 61108, 57101, 60760, 61108, 60412, 62152, 60412, 62500, 62152, 60412, 61804, 54317, 61456, 61456, 61804, 61108, 61456, 62500, 61456, 61108, 55361, 62152, 53621, 50658, 61108, 62152, 53969, 60064, 55361, 60064, 61456, 59716, 60760, 60760, 61108, 59368, 61456, 60760, 56057, 61456, 55013, 60760, 61456, 56057, 56057, 56405, 61804, 54665, 60412, 56405, 51354, 55709, 60760, 62152, 60760, 55709, 62152, 61456, 60760, 55361, 62152, 55361, 62152, 62152, 61108, 55709, 60760, 62152, 60064, 62152, 60412, 57101, 61456, 60064, 60760, 60412, 45955, 60760, 60412, 55361, 62500, 55709, 60760, 61456, 54665, 61108, 60760, 61456, 60412, 62152, 51354, 60064, 62152, 54317, 60760, 60760, 60760, 61804, 55709, 61456]

Remaining capacity for Lock B hourly: 
[34000, 68000, 34000, 34000, 68000, 34000, 34000, 68000, 23202, 34000, 35606, 13289, 34000, 52340, 18340, 34000, 65564, 34000, 34000, 67652, 34000, 34000, 67304, 34000, 34000, 67652, 34000, 34000, 66956, 34000, 27905, 66608, 34000, 32608, 66956, 34000, 31216, 65912, 32956, 27557, 60513, 27209, 26861, 58773, 26165, 32260, 64172, 27557, 32608, 57729, 32608, 30520, 57033, 32260, 31912, 41532, 27209, 32260, 47279, 25121, 30868, 66260, 31564, 32608, 51634, 32260, 32260, 65216, 20070, 32956, 60861, 27905, 32260, 65216, 32260, 33304, 60513, 32956, 32956, 66608, 32260, 27905, 66608, 33304, 26513, 64520, 32956, 32260, 60861, 33304, 32608, 59121, 31564, 31564, 63824, 31912, 31912, 65216, 32260, 31912, 63824, 26513, 27557, 57033, 26165, 32608, 58425, 26513, 26513, 55114, 32608, 27557, 57033, 21810, 33304, 47975, 32260, 33304, 60513, 32608, 31912, 64868, 33304, 32956, 64172, 33304, 32260, 66260, 31912, 32608, 65912, 27557, 32260, 58425, 32608, 31564, 60165, 32260, 26513, 59817, 15715, 32608, 58425, 32608, 27209, 59469, 31564, 28253, 54418, 26861, 32956, 57381, 32608, 21810, 61209, 33304, 31912, 53722, 33304, 32608, 63476, 31912, 32260, 60861, 31912, 31912, 58773, 32608]

Remaining capacity for Lock C hourly: 
[51300, 51300, 51300, 51300, 51300, 51300, 51300, 29704, 29704, 29704, 25876, 43296, 43296, 43296, 43296, 43296, 48516, 51300, 51300, 51300, 51300, 51300, 51300, 50604, 51300, 50952, 50952, 50952, 50256, 50952, 45901, 49560, 45901, 50256, 50256, 50952, 44161, 50256, 49212, 43813, 44161, 49908, 49212, 48864, 44161, 38762, 36674, 47820, 48516, 50952, 42421, 36326, 49212, 43117, 47124, 46080, 49212, 44857, 37370, 47820, 44509, 48168, 48864, 41377, 33363, 49908, 43117, 38762, 45205, 49908, 44857, 48864, 49560, 49212, 49908, 48516, 49212, 44161, 49212, 48168, 39806, 37718, 44857, 43117, 49908, 44161, 44161, 43117, 44161, 49908, 50604, 43465, 36674, 43813, 44857, 48516, 44161, 44509, 49560, 38414, 46080, 48168, 49908, 41029, 43117, 44161, 44161, 38762, 37370, 48864, 50256, 49212, 48168, 44161, 45205, 49560, 43813, 49212, 49560, 50952, 38066, 49908, 43813, 49908, 49212, 49212, 37022, 44857, 38414, 48516, 38066, 44509, 38762, 50256, 37022, 36674, 38066, 48516, 50256, 49560, 50256, 44509, 44857, 40681, 43117, 50256, 49212, 50604, 49560, 50256, 49908, 47472, 42421, 49560, 43117, 43813, 43465, 44161, 43117, 49212, 44161, 47472, 43117, 47472, 50256, 49908, 37370, 49560]