Total amount of ships that left the port via the Sea: 1074
	CrudeOilTanker: 12771
	BulkCarrier: 21
	TugBoat: 12770
	SmallCargoFreighter: 16

Average travel time for a vessel: 46.21136326881713

Average waiting time for a vessel in the anchorpoint: 69.7101097815566

Average number of vessels in the port: 350.1487841552921

Total vessels in the port at every hour in the simulation: 
[0.0, 0.0, 0.0, 0.0, 0.0, 25.0, 62.0, 124.0, 229.0, 297.0, 382.0, 400.0, 400.0, 400.0, 400.0, 400.0, 400.0, 400.0, 400.0, 400.0, 400.0, 400.0, 400.0, 400.0, 400.0, 400.0, 400.0, 400.0, 400.0, 400.0, 400.0, 400.0, 400.0, 400.0, 400.0, 400.0, 400.0, 400.0, 400.0, 400.0, 400.0, 400.0, 400.0, 400.0, 400.0, 400.0, 398.0, 385.0, 383.0, 352.0, 341.0, 317.0, 318.0, 285.0, 298.0, 285.0, 306.0, 311.0, 335.0, 333.0, 355.0, 351.0, 361.0, 366.0, 371.0, 368.0, 377.0, 375.0, 373.0, 377.0, 375.0, 373.0, 377.0, 375.0, 373.0, 377.0, 375.0, 373.0, 377.0, 375.0, 373.0, 377.0, 375.0, 374.0, 380.0, 380.0, 359.0, 364.0, 367.0, 370.0, 387.0, 381.0, 388.0, 375.0, 374.0, 350.0, 354.0, 332.0, 337.0, 319.0, 324.0, 313.0, 334.0, 326.0, 342.0, 341.0, 352.0, 343.0, 359.0, 352.0, 359.0, 364.0, 367.0, 365.0, 373.0, 370.0, 367.0, 372.0, 370.0, 368.0, 373.0, 370.0, 367.0, 372.0, 370.0, 368.0, 373.0, 370.0, 367.0, 373.0, 372.0, 372.0, 380.0, 379.0, 379.0, 383.0, 380.0, 364.0, 366.0, 353.0, 356.0, 347.0, 351.0, 336.0, 349.0, 331.0, 337.0, 329.0, 341.0, 331.0, 350.0, 339.0, 348.0, 347.0, 354.0, 348.0, 363.0, 360.0, 363.0, 368.0, 368.0, 366.0, 371.0, 368.0, 366.0, 371.0, 368.0, 366.0]

Average idle time for Lock A: 0.38891168291227446

Average idle time for Lock B: 0.047619047619047616

Average idle time for Lock C: 0.042266443624460685

Times Lock A changed state without containing ships: 96

Times Lock B changed state without containing ships: 44

Times Lock C changed state without containing ships: 74

Remaining capacity for Lock A hourly: 
[62500, 62500, 62500, 62500, 62500, 62500, 62500, 3111, 62500, 257, 62500, 187, 62500, 1201, 62500, 1140, 62500, 1140, 62500, 1140, 62500, 6200, 62500, 51493, 62500, 62500, 62500, 62500, 62500, 62500, 62500, 62500, 62500, 62500, 62500, 62500, 62500, 62500, 62500, 62500, 62500, 62500, 62500, 62500, 62500, 62500, 3111, 62500, 257, 62500, 187, 7465, 1201, 5725, 1140, 4333, 1140, 5377, 1140, 2941, 6200, 6073, 51493, 5725, 62500, 5725, 62500, 6421, 62500, 18124, 62500, 62500, 62500, 62500, 62500, 62500, 62500, 62500, 62500, 62500, 62500, 62500, 62500, 62500, 62500, 62500, 62500, 62500, 62500, 62500, 7465, 62500, 5725, 62500, 4333, 40486, 5377, 6421, 2941, 5725, 6073, 5029, 5725, 5377, 5725, 4333, 6421, 5725, 18124, 5725, 62500, 5377, 62500, 6421, 62500, 39790, 62500, 62500, 62500, 62500, 62500, 62500, 62500, 62500, 62500, 62500, 62500, 62500, 62500, 62500, 62500, 62500, 62500, 62500, 40486, 62500, 6421, 62500, 5725, 51493, 5029, 18124, 5377, 6073, 4333, 5725, 5725, 5377, 5725, 5725, 5377, 5029, 6421, 6073, 39790, 5377, 62500, 5725, 62500, 6073, 62500, 50797, 62500, 62500, 62500, 62500, 62500, 62500]

Remaining capacity for Lock B hourly: 
[34000, 68000, 34000, 34000, 68000, 34000, 34000, 68000, 34000, 34000, 34979, 283, 34000, 34283, 283, 34000, 34283, 283, 34000, 34283, 283, 34000, 34283, 283, 34000, 34283, 283, 34000, 34283, 283, 34000, 34283, 283, 34000, 34283, 283, 34000, 34283, 283, 34000, 34283, 283, 34000, 34283, 283, 34000, 34283, 24604, 979, 34283, 34000, 283, 34283, 11986, 283, 23276, 11638, 283, 21884, 10942, 283, 10877, 11290, 283, 10877, 11225, 566, 10942, 283, 566, 283, 283, 11225, 283, 283, 11225, 283, 283, 11225, 283, 283, 11225, 283, 283, 35546, 283, 34000, 44942, 283, 34000, 22928, 283, 22993, 11921, 283, 21601, 11225, 9202, 10594, 33935, 979, 10594, 33239, 283, 283, 21536, 10942, 283, 914, 10942, 10942, 566, 10942, 10942, 10877, 10942, 10942, 11225, 283, 10942, 11225, 10942, 10942, 11225, 283, 10942, 11225, 10942, 10942, 566, 283, 283, 11225, 10942, 283, 20144, 10942, 22645, 11921, 283, 22297, 11225, 283, 10594, 20840, 631, 631, 33587, 631, 283, 32543, 10942, 10594, 21536, 283, 10942, 11225, 283, 10942, 11573, 10942, 10942, 11225, 283, 10942, 11225, 10942]

Remaining capacity for Lock C hourly: 
[51300, 51300, 51300, 51300, 51300, 51300, 51300, 29286, 29286, 29286, 25806, 25806, 25806, 25806, 25806, 25806, 25806, 27546, 29286, 29286, 29286, 29286, 29286, 29286, 29286, 29286, 29286, 29286, 29286, 29286, 29286, 29286, 29286, 29286, 29286, 29286, 29286, 29286, 29286, 29286, 29286, 29286, 29286, 29286, 40293, 29286, 29286, 29286, 25806, 25806, 25806, 25806, 14799, 3096, 3444, 5532, 5184, 5532, 5184, 5880, 5532, 4836, 5184, 6576, 6924, 6924, 6924, 6924, 6924, 6924, 6924, 6924, 6924, 6924, 6924, 6924, 6924, 6924, 6924, 6924, 6924, 6924, 17931, 28938, 28938, 28938, 28938, 28938, 28938, 28938, 18279, 6576, 17931, 29286, 27198, 27546, 16191, 5880, 16539, 15147, 4488, 6228, 5532, 5880, 5532, 6228, 5880, 5532, 5184, 6228, 6228, 6576, 6576, 6228, 6924, 6228, 6576, 6576, 6228, 6228, 6576, 6576, 6576, 6576, 6228, 6228, 6576, 6576, 6924, 6576, 17583, 28590, 28938, 28938, 17931, 6924, 17931, 17235, 28590, 28938, 16887, 17235, 16887, 17235, 6228, 16191, 4836, 5880, 5532, 5880, 6228, 5880, 6576, 5532, 5880, 6576, 5880, 5880, 6228, 5880, 6576, 6228, 6228, 5880, 6228, 5880, 6576, 6228]