Total amount of ships that left the port via the Sea: 3
	CrudeOilTanker: 1
	BulkCarrier: 1
	TugBoat: 1
	SmallCargoFreighter: 1

Average travel time for a vessel: [38.003834000000005, 38.003834000000005, 38.003834000000005, 38.697332, 38.697332, 38.697332, 38.87579233333334, 38.87579233333334, 38.87579233333334, 38.87579233333334, 38.87579233333334, 39.53109675, 39.53109675, 39.53109675, 39.53109675, 39.53109675]

Average waiting time for a vessel in the anchorpoint: [0, 0, 0.0, 0.0, 0.0, 0.0, 0.0, 0.0, 0.0, 0.0, 0.0, 0.0]

Average number of vessels in the port: [0, 0, 0, 0, 0, 0.0, 0.106625891041935, 0.106625891041935, 0.106625891041935, 0.106625891041935, 1.1653937518543165, 1.1653937518543165, 1.4452886198390311, 1.4452886198390311, 1.4452886198390311, 1.4452886198390311, 1.4452886198390311, 1.4452886198390311, 1.4452886198390311, 1.4452886198390311, 1.4452886198390311, 1.4452886198390311, 1.4452886198390311, 1.4452886198390311, 1.4452886198390311, 1.4452886198390311, 1.4452886198390311, 1.4452886198390311, 1.4452886198390311, 1.4452886198390311, 1.4452886198390311, 1.4452886198390311, 1.4452886198390311, 1.4452886198390311, 1.4452886198390311, 1.4452886198390311, 1.4452886198390311, 1.4452886198390311, 1.4452886198390311, 1.4452886198390311, 1.4452886198390311, 1.4452886198390311, 1.4452886198390311, 1.4452886198390311, 1.4452886198390311, 1.4452886198390311, 1.4452886198390311, 3.2913612347212675, 3.2913612347212675, 3.2913612347212675, 3.270302987329988, 3.270302987329988, 3.270302987329988, 2.745543813886565, 2.745543813886565, 2.745543813886565, 2.745543813886565, 2.745543813886565, 2.6143654177859754, 2.6143654177859754, 2.6143654177859754, 2.6143654177859754, 2.6143654177859754]

Total vessels in the port at every hour in the simulation: 
[0.0, 0.0, 0.0, 0.0, 0.0, 2.0, 2.0, 2.0, 3.0, 4.0, 4.0, 4.0, 4.0, 4.0, 4.0, 4.0, 4.0, 4.0, 4.0, 4.0, 4.0, 4.0, 4.0, 4.0, 4.0, 4.0, 4.0, 4.0, 4.0, 4.0, 4.0, 4.0, 4.0, 4.0, 4.0, 4.0, 4.0, 4.0, 4.0, 4.0, 4.0, 4.0, 4.0, 3.0, 3.0, 2.0, 2.0, 1.0, 1.0, 1.0, 1.0, 0.0, 0.0, 0.0, 0.0]

Average idle time for Lock A: [0, 1.0, 1.0, 1.0, 1.0, 1.0, 1.0, 1.0, 1.0, 1.0, 1.0, 1.0, 1.0, 1.0, 1.0, 0.9386536640189332, 0.8385402958862108, 0.8333333333333334, 0.8152173913043479, 0.8141112618724559, 0.7614213197969544, 0.7142857142857143, 0.7009345794392524, 0.6607929515418502, 0.625, 0.6147540983606558, 0.6097813316014461, 0.5836575875486382, 0.5555555555555556, 0.5474452554744526, 0.500051972068297, 0.5, 0.493421052631579, 0.49301561216105183, 0.47318611987381703, 0.45454545454545453, 0.44910179640718567, 0.43227665706051877, 0.4166666666666667, 0.4120879120879121, 0.4124914207275223, 0.43236074270557034, 0.45128205128205134, 0.4568527918781726, 0.47420147420147424, 0.4904761904761905, 0.49528301886792453, 0.5102974828375286, 0.5244444444444445, 0.5286343612334802, 0.5417558886509636, 0.5541666666666667, 0.5578512396694215, 0.5694164989939638, 0.5803921568627451, 0.5836575875486382, 0.5939278937381405, 0.6037037037037037, 0.6066176470588236, 0.6157989228007181, 0.624561403508772, 0.6271777003484321, 0.6354344122657581, 0.6433333333333333, 0.6456953642384106, 0.6531604538087521, 0.6603174603174603, 0.6624605678233438, 0.6692426584234931, 0.6757575757575758, 0.677710843373494, 0.6838995568685377, 0.6898550724637681, 0.69164265129683, 0.6973125884016973, 0.7027777777777778, 0.7044198895027625, 0.7096336499321574, 0.7146666666666667, 0.7161803713527851, 0.7209908735332464, 0.7256410256410256, 0.7270408163265306, 0.7314930991217065, 0.7358024691358025, 0.7371007371007371, 0.7412333736396615, 0.7452380952380953, 0.7464454976303317, 0.750291715285881, 0.7540229885057471, 0.7551487414187643, 0.7587373167981962, 0.7622222222222222, 0.7632743362831859, 0.7666303162486369, 0.7698924731182796, 0.7708779443254818, 0.7740232312565998, 0.7770833333333333, 0.7780082987551867, 0.7809621289662231, 0.7838383838383839, 0.7847082494969819, 0.7874875868917577, 0.7901960784313725, 0.791015625, 0.793635486981678, 0.7961904761904762, 0.7969639468690702, 0.7994376757263355, 0.8018518518518518, 0.8025830258302583, 0.804922515952598, 0.8072072072072072, 0.8078994614003591, 0.8101153504880213, 0.8122807017543859, 0.8129370629370629, 0.815038893690579, 0.8170940170940171, 0.817717206132879, 0.8197135636057287, 0.8216666666666667, 0.8222591362126246, 0.8241577649958916, 0.8260162601626017, 0.826580226904376, 0.8283881315156375, 0.8301587301587302, 0.831696631574025, 0.8281233124510573, 0.8197778837209303, 0.8172437944358579, 0.8172790960015454, 0.8190615684774293, 0.8208435378787879, 0.8225103126068635, 0.8196779057591624, 0.8117847111111112, 0.8093865288035451, 0.8094217168174267, 0.8111992392099489, 0.8129777971014494, 0.8150450082187564, 0.8141255476020044, 0.8066194255319149, 0.8043376166902405, 0.8043722043485947, 0.8061201051156272, 0.8078704097222222, 0.8084026246537396, 0.8102252169390298, 0.8035384557823128, 0.8013578900949795, 0.7943520712844653, 0.7874676866666666, 0.7853733577127658, 0.7786430652603823, 0.7720271437908496, 0.7700140352020859, 0.7700515105100211, 0.771946690368455, 0.7738471346153845, 0.774425530690537, 0.7762850538998096, 0.7781141698113206, 0.7786709723964867, 0.7804614374611075, 0.7822231666666666, 0.7827595628078816, 0.784484746487477]

Average idle time for Lock B: [0, 1.0, 1.0, 1.0, 1.0, 1.0, 1.0, 1.0, 1.0, 1.0, 1.0, 1.0, 1.0, 1.0, 1.0, 1.0, 1.0, 1.0, 1.0, 1.0, 1.0, 1.0, 1.0, 1.0, 1.0, 1.0, 1.0, 1.0, 1.0, 1.0, 1.0, 1.0, 1.0, 1.0, 1.0, 1.0, 1.0, 1.0, 1.0, 1.0, 1.0, 1.0, 1.0, 1.0, 1.0, 1.0, 1.0, 1.0, 1.0, 1.0, 1.0, 1.0, 1.0, 1.0, 1.0, 1.0, 1.0, 1.0, 1.0, 1.0, 1.0, 1.0, 1.0, 1.0, 1.0, 1.0, 1.0, 1.0, 1.0, 1.0, 1.0, 1.0, 1.0, 1.0, 1.0, 1.0, 1.0, 1.0, 1.0, 1.0, 1.0, 1.0, 1.0, 1.0, 1.0, 1.0, 1.0, 1.0, 1.0, 1.0, 1.0, 1.0, 1.0, 1.0, 1.0, 1.0, 1.0, 1.0, 1.0, 1.0, 1.0, 1.0, 1.0, 1.0, 1.0, 1.0, 1.0, 1.0, 1.0, 1.0, 1.0, 1.0, 1.0, 1.0, 1.0, 1.0, 1.0, 1.0, 1.0, 1.0, 1.0, 1.0, 1.0, 1.0, 1.0, 1.0, 1.0, 1.0, 1.0, 1.0, 1.0, 1.0, 1.0, 1.0, 1.0, 1.0, 1.0, 1.0, 1.0, 1.0, 1.0, 1.0, 1.0, 1.0, 1.0, 1.0, 1.0, 1.0, 1.0, 1.0, 1.0, 1.0, 1.0, 1.0, 1.0, 1.0, 1.0, 1.0, 1.0, 1.0, 1.0, 1.0, 1.0, 1.0, 1.0, 1.0, 1.0, 1.0, 1.0, 1.0, 1.0, 1.0, 1.0, 1.0, 1.0, 1.0, 1.0, 1.0, 1.0, 1.0, 1.0, 1.0, 1.0, 1.0, 1.0, 1.0, 1.0, 1.0, 1.0, 1.0, 1.0, 1.0, 1.0, 1.0, 1.0, 1.0, 1.0, 1.0, 1.0, 1.0]

Average idle time for Lock C: [0, 1.0, 1.0, 1.0, 1.0, 1.0, 1.0, 1.0, 1.0, 1.0, 1.0, 1.0, 1.0, 1.0, 1.0, 1.0, 1.0, 1.0, 1.0, 1.0, 1.0, 1.0, 1.0, 1.0, 1.0, 1.0, 1.0, 1.0, 1.0, 1.0, 1.0, 1.0, 1.0, 1.0, 1.0, 1.0, 1.0, 1.0, 1.0, 1.0, 1.0, 1.0, 1.0, 1.0, 1.0, 1.0, 1.0, 1.0, 1.0, 1.0, 1.0, 1.0, 1.0, 1.0, 1.0, 1.0, 1.0, 1.0, 1.0, 1.0, 1.0, 1.0, 1.0, 1.0, 1.0, 1.0, 1.0, 1.0, 1.0, 1.0, 1.0, 1.0, 1.0, 1.0, 1.0, 1.0, 1.0, 1.0, 1.0, 1.0, 1.0, 1.0, 1.0, 1.0, 1.0, 1.0, 1.0, 1.0, 1.0, 1.0, 1.0, 1.0, 1.0, 1.0, 1.0, 1.0, 1.0, 1.0, 1.0, 1.0, 1.0, 1.0, 1.0, 1.0, 1.0, 1.0, 1.0, 1.0, 1.0, 1.0, 1.0, 1.0, 1.0, 1.0, 1.0, 1.0, 1.0, 1.0, 1.0, 1.0, 1.0, 1.0, 1.0, 1.0, 1.0, 1.0, 1.0, 1.0, 1.0, 1.0, 1.0, 1.0, 1.0, 1.0, 1.0, 1.0, 1.0, 1.0, 1.0, 1.0, 1.0, 1.0, 1.0, 1.0, 1.0, 1.0, 1.0, 1.0, 1.0, 1.0, 1.0, 1.0, 1.0, 1.0, 1.0, 1.0, 1.0, 1.0, 1.0, 1.0, 1.0, 1.0, 1.0, 1.0, 1.0, 1.0, 1.0, 1.0, 1.0, 1.0, 1.0, 1.0, 1.0, 1.0, 1.0, 1.0, 1.0, 1.0, 1.0, 1.0, 1.0, 1.0, 1.0, 1.0, 1.0, 1.0, 1.0, 1.0, 1.0, 1.0, 1.0, 1.0, 1.0, 1.0, 1.0, 1.0, 1.0, 1.0, 1.0, 1.0, 1.0, 1.0, 1.0, 1.0, 1.0, 1.0, 1.0, 1.0, 1.0, 1.0, 1.0, 1.0, 1.0, 1.0, 1.0, 1.0, 1.0, 1.0, 1.0, 1.0, 1.0, 1.0, 1.0, 1.0, 1.0, 1.0, 1.0, 1.0, 1.0, 1.0, 1.0, 1.0, 1.0, 1.0, 1.0, 1.0, 1.0, 1.0, 1.0, 1.0, 1.0, 1.0, 1.0, 1.0, 1.0, 1.0, 1.0, 1.0, 1.0, 1.0, 1.0, 1.0, 1.0, 1.0, 1.0, 1.0, 1.0, 1.0, 1.0, 1.0, 1.0, 1.0, 1.0, 1.0, 1.0, 1.0, 1.0, 1.0, 1.0, 1.0, 1.0, 1.0, 1.0, 1.0]

Times Lock A changed state without containing ships: 47

Times Lock B changed state without containing ships: 73

Times Lock C changed state without containing ships: 110

Remaining capacity for Lock A hourly: 
[62500, 62500, 62500, 62500, 62500, 57101, 62500, 51493, 62500, 62152, 62500, 61235, 62500, 62500, 62500, 62500, 62500, 62500, 62500, 62500, 62500, 62500, 62500, 62500, 62500, 62500, 62500, 62500, 62500, 62500, 62500, 62500, 62500, 62500, 62500, 62500, 62500, 62500, 62500, 62500, 62500, 62500, 57101, 62500, 51493, 62500, 62152, 62500, 62500, 62500, 61235, 62500, 62500, 62500, 62500]

Remaining capacity for Lock B hourly: 
[34000, 68000, 34000, 34000, 68000, 34000, 34000, 68000, 34000, 34000, 68000, 34000, 34000, 68000, 34000, 34000, 68000, 34000, 34000, 68000, 34000, 34000, 68000, 34000, 34000, 68000, 34000, 34000, 68000, 34000, 34000, 68000, 34000, 34000, 68000, 34000, 34000, 68000, 34000, 34000, 68000, 34000, 34000, 68000, 34000, 34000, 68000, 34000, 34000, 68000, 34000, 34000, 68000, 34000]

Remaining capacity for Lock C hourly: 
[51300, 51300, 51300, 51300, 51300, 51300, 51300, 51300, 51300, 51300, 51300, 51300, 51300, 51300, 51300, 51300, 51300, 51300, 51300, 51300, 51300, 51300, 51300, 51300, 51300, 51300, 51300, 51300, 51300, 51300, 51300, 51300, 51300, 51300, 51300, 51300, 51300, 51300, 51300, 51300, 51300, 51300, 51300, 51300, 51300, 51300, 51300, 51300, 51300, 51300, 51300, 51300, 51300, 51300, 51300]