Total amount of ships that left the port via the Sea: 1142
	CrudeOilTanker: 7150
	BulkCarrier: 5485
	TugBoat: 8394
	SmallCargoFreighter: 4346

Average travel time for a vessel: 42.42397723509666

Average waiting time for a vessel in the anchorpoint: 69.16124927521787

Average number of vessels in the port: 353.1544517394029

Total vessels in the port at every hour in the simulation: 
[0.0, 0.0, 0.0, 0.0, 0.0, 28.0, 83.0, 136.0, 224.0, 271.0, 336.0, 373.0, 398.0, 400.0, 400.0, 400.0, 400.0, 400.0, 400.0, 398.0, 398.0, 399.0, 400.0, 399.0, 399.0, 395.0, 393.0, 394.0, 392.0, 388.0, 389.0, 390.0, 389.0, 387.0, 388.0, 389.0, 391.0, 386.0, 382.0, 382.0, 376.0, 372.0, 373.0, 374.0, 376.0, 370.0, 372.0, 361.0, 358.0, 351.0, 350.0, 347.0, 345.0, 342.0, 352.0, 349.0, 356.0, 355.0, 358.0, 354.0, 359.0, 350.0, 349.0, 353.0, 357.0, 357.0, 363.0, 356.0, 351.0, 348.0, 353.0, 347.0, 351.0, 352.0, 350.0, 353.0, 354.0, 355.0, 365.0, 367.0, 366.0, 368.0, 368.0, 364.0, 368.0, 358.0, 363.0, 364.0, 356.0, 351.0, 354.0, 355.0, 353.0, 360.0, 359.0, 356.0, 366.0, 358.0, 356.0, 350.0, 358.0, 350.0, 353.0, 351.0, 352.0, 360.0, 357.0, 357.0, 366.0, 364.0, 365.0, 367.0, 370.0, 356.0, 360.0, 352.0, 360.0, 362.0, 366.0, 358.0, 362.0, 355.0, 352.0, 353.0, 359.0, 363.0, 367.0, 361.0, 357.0, 359.0, 360.0, 361.0, 368.0, 360.0, 363.0, 362.0, 368.0, 365.0, 368.0, 360.0, 357.0, 348.0, 355.0, 341.0, 339.0, 337.0, 342.0, 347.0, 349.0, 349.0, 354.0, 350.0, 350.0, 356.0, 355.0, 355.0, 357.0, 351.0, 350.0, 345.0, 343.0, 347.0, 359.0, 358.0, 359.0, 364.0, 372.0, 366.0]

Average idle time for Lock A: 0.04412582220140741

Average idle time for Lock B: 0.04236111111111111

Average idle time for Lock C: 0.037639400079459345

Times Lock A changed state without containing ships: 22

Times Lock B changed state without containing ships: 24

Times Lock C changed state without containing ships: 41

Remaining capacity for Lock A hourly: 
[62500, 62500, 62500, 62500, 62500, 62500, 62500, 3111, 62500, 327, 62500, 326, 62500, 187, 62500, 63, 62500, 1140, 57101, 2405, 62500, 7465, 62500, 46094, 45746, 62500, 62500, 62500, 51493, 62500, 62152, 62152, 61235, 61804, 62152, 62500, 50310, 44829, 46094, 62500, 45050, 57101, 57101, 50101, 51145, 34739, 36564, 50228, 39790, 60887, 453, 28075, 38525, 50437, 2136, 33126, 40208, 4239, 27727, 7535, 27588, 44342, 39790, 45398, 44690, 38595, 34391, 46654, 22119, 38177, 36343, 27866, 46094, 34391, 62500, 55140, 45746, 58578, 62152, 48267, 40695, 40486, 47698, 62500, 56405, 56405, 32778, 45955, 50797, 56753, 51493, 34948, 33474, 44481, 54571, 61108, 31513, 46303, 12934, 56057, 33683, 61804, 34739, 39790, 49880, 41255, 59274, 41812, 56057, 41951, 60887, 23732, 24292, 51145, 50449, 51145, 51702, 38525, 29340, 27600, 55709, 51145, 38734, 50797, 46094, 39999, 49741, 23384, 61235, 46094, 51493, 43216, 56057, 49532, 29479, 62152, 59622, 40695, 55140, 51145, 10150, 51702, 14399, 50449, 54792, 44829, 51354, 4448, 51145, 23817, 44481, 38525, 49880, 49532, 51145, 44133, 38873, 50797, 10764, 49880, 56753, 50797, 51493, 12238, 39999, 56405, 39094, 51145]

Remaining capacity for Lock B hourly: 
[34000, 68000, 34000, 34000, 68000, 34000, 34000, 68000, 1606, 34000, 35606, 144, 34000, 34283, 144, 34000, 34144, 144, 28601, 34283, 283, 34000, 23276, 283, 34000, 28884, 283, 34000, 18086, 283, 34000, 23276, 283, 28601, 34283, 283, 28601, 28188, 33, 11290, 33914, 16329, 22993, 44582, 6587, 22993, 39891, 22993, 11290, 38278, 32387, 16190, 22789, 22993, 5891, 21872, 10930, 283, 16473, 21032, 4847, 27619, 4057, 21728, 48020, 15842, 15285, 15338, 27336, 979, 52723, 2096, 9108, 11434, 5891, 8760, 50541, 2792, 979, 11065, 14925, 631, 14651, 17594, 631, 25997, 21032, 5195, 19342, 2653, 20893, 39743, 15064, 19628, 7975, 15285, 979, 8904, 4139, 22645, 15556, 4626, 21589, 5478, 22297, 11847, 27619, 31122, 17246, 11561, 10025, 34000, 36665, 11986, 15842, 65691, 22645, 8621, 28957, 1397, 5543, 42412, 21728, 10582, 16612, 283, 12195, 20250, 492, 631, 3145, 14716, 30995, 14999, 11986, 10582, 33787, 27557, 5891, 13955, 27905, 22645, 4201, 4278, 8969, 8904, 19767, 5322, 845, 22993, 4974, 32531, 21253, 15494, 10378, 19419, 15981, 914, 3918, 12755, 21176, 21032, 1188, 9252, 33304, 22993, 18994, 4708]

Remaining capacity for Lock C hourly: 
[51300, 51300, 51300, 51300, 51300, 51300, 51300, 29704, 29704, 29704, 25876, 25876, 25806, 25667, 25806, 26060, 26756, 25700, 26756, 26756, 26756, 26756, 26756, 25700, 26617, 29495, 29286, 26756, 28938, 29286, 28938, 23887, 23191, 29286, 29286, 28242, 17792, 34546, 28938, 39806, 27882, 12184, 12532, 50035, 15692, 35103, 23400, 22147, 14566, 23400, 4963, 20661, 4255, 32585, 25364, 22843, 25352, 4046, 9515, 15622, 26060, 16179, 16527, 20522, 11267, 6228, 16179, 28451, 4255, 16179, 12880, 22147, 15622, 10919, 12953, 15970, 28799, 27882, 5880, 11128, 26756, 10211, 9654, 5659, 10919, 7133, 27673, 10432, 15401, 35103, 18279, 33281, 16527, 37067, 9654, 36023, 11836, 21926, 23539, 28938, 25712, 6646, 27673, 25712, 26617, 19965, 11267, 36371, 19396, 39110, 22274, 28103, 19826, 22704, 11267, 25352, 32446, 16666, 16666, 27882, 21439, 11128, 11267, 28938, 47726, 25352, 19396, 27882, 9654, 16875, 6216, 14484, 4603, 22356, 22135, 17235, 43940, 33850, 28091, 28799, 16666, 17792, 20870, 10432, 28799, 37984, 9863, 10571, 25225, 4963, 16388, 9527, 15610, 10919, 22274, 5720, 4824, 8389, 9654, 20661, 32794, 26408, 27186, 14705, 18688, 27325, 22483, 50604]