Total amount of ships that left the port via the Sea: 1540
	CrudeOilTanker: 12679
	BulkCarrier: 21
	TugBoat: 12679
	SmallCargoFreighter: 16

Average travel time for a vessel: 58.58161867490728

Average waiting time for a vessel in the anchorpoint: 62.12868529773473

Average number of vessels in the port: 749.9556905239762

Total vessels in the port at every hour in the simulation: 
[0.0, 0.0, 0.0, 0.0, 0.0, 25.0, 60.0, 122.0, 227.0, 375.0, 516.0, 630.0, 720.0, 761.0, 782.0, 800.0, 800.0, 799.0, 799.0, 799.0, 799.0, 798.0, 799.0, 798.0, 798.0, 798.0, 798.0, 796.0, 796.0, 798.0, 796.0, 793.0, 794.0, 791.0, 793.0, 787.0, 789.0, 780.0, 778.0, 772.0, 774.0, 767.0, 767.0, 766.0, 769.0, 760.0, 762.0, 754.0, 756.0, 749.0, 752.0, 750.0, 752.0, 742.0, 747.0, 727.0, 735.0, 727.0, 732.0, 731.0, 735.0, 735.0, 739.0, 741.0, 743.0, 740.0, 752.0, 745.0, 748.0, 741.0, 749.0, 745.0, 754.0, 752.0, 756.0, 756.0, 758.0, 748.0, 760.0, 749.0, 756.0, 756.0, 753.0, 753.0, 757.0, 755.0, 756.0, 758.0, 763.0, 756.0, 760.0, 757.0, 762.0, 762.0, 767.0, 761.0, 771.0, 764.0, 768.0, 768.0, 771.0, 762.0, 768.0, 768.0, 772.0, 775.0, 783.0, 772.0, 778.0, 771.0, 762.0, 760.0, 766.0, 760.0, 768.0, 760.0, 757.0, 753.0, 748.0, 739.0, 744.0, 741.0, 741.0, 744.0, 751.0, 742.0, 753.0, 751.0, 762.0, 762.0, 770.0, 750.0, 757.0, 755.0, 760.0, 760.0, 767.0, 759.0, 771.0, 770.0, 761.0, 760.0, 762.0, 754.0, 763.0, 757.0, 764.0, 762.0, 764.0, 760.0, 770.0, 763.0, 759.0, 763.0, 774.0, 764.0, 770.0, 766.0, 770.0, 771.0, 757.0, 756.0, 767.0, 762.0, 770.0, 765.0, 770.0, 764.0]

Average idle time for Lock A: 0.029781292797144733

Average idle time for Lock B: 0.05793650793650794

Average idle time for Lock C: 0.04762076706888672

Times Lock A changed state without containing ships: 16

Times Lock B changed state without containing ships: 31

Times Lock C changed state without containing ships: 38

Remaining capacity for Lock A hourly: 
[62500, 62500, 62500, 62500, 62500, 62500, 62500, 3111, 62500, 118, 62500, 326, 62500, 157, 62500, 157, 57101, 157, 62500, 665, 62500, 1140, 62500, 792, 62500, 4935, 51145, 7465, 62500, 7465, 62152, 7465, 51145, 7117, 39999, 7465, 53179, 7465, 28423, 7117, 38955, 7117, 34391, 6421, 38386, 6769, 56057, 6769, 27739, 6421, 20506, 5725, 26556, 7117, 3973, 6421, 9372, 16732, 5156, 16732, 4460, 5029, 1718, 5377, 23036, 5029, 4808, 4681, 16384, 6769, 18124, 6073, 16511, 6073, 5504, 5725, 1370, 28435, 5156, 6421, 5852, 26695, 6769, 6073, 5156, 6769, 28087, 6421, 38050, 28783, 7117, 28087, 7117, 6073, 6769, 50449, 6421, 6073, 7117, 5725, 5029, 29131, 6421, 60412, 6073, 6073, 6073, 3985, 6073, 38746, 6073, 17776, 6073, 16384, 6421, 5377, 6073, 6421, 16384, 28435, 6073, 16732, 27391, 27391, 37354, 6073, 28087, 6421, 28087, 16384, 15340, 5377, 6769, 29131, 6073, 5377, 5377, 5725, 17080, 16384, 6073, 5725, 27391, 6421, 17428, 27391, 6073, 17428, 6421, 49057, 4681, 28087, 39094, 4681, 5725, 6073, 16732, 6073, 6421, 6421, 17080, 6769, 17080, 5029, 37354, 27391, 5725, 28435]

Remaining capacity for Lock B hourly: 
[34000, 68000, 34000, 34000, 68000, 34000, 34000, 68000, 34000, 34000, 68000, 979, 34000, 34283, 283, 34000, 34283, 283, 34000, 34283, 283, 34000, 34283, 283, 22993, 34283, 283, 34000, 34283, 283, 22993, 34283, 283, 34000, 34283, 283, 22993, 34283, 283, 22993, 22580, 283, 34000, 33935, 283, 33304, 11921, 283, 22645, 12269, 283, 22993, 11921, 283, 283, 11921, 283, 21949, 566, 283, 21601, 914, 283, 283, 566, 283, 631, 566, 283, 22645, 914, 283, 283, 914, 283, 283, 10877, 283, 283, 566, 283, 283, 11921, 283, 631, 566, 18340, 283, 437, 283, 283, 566, 283, 283, 566, 283, 283, 566, 283, 283, 566, 283, 283, 566, 283, 283, 566, 283, 283, 7397, 283, 631, 566, 283, 283, 9485, 283, 9550, 10052, 283, 283, 9485, 283, 283, 9833, 283, 283, 566, 283, 283, 6005, 283, 283, 566, 283, 283, 566, 283, 283, 7745, 283, 283, 566, 283, 283, 566, 283, 283, 566, 154, 283, 8093, 283, 283, 566, 283, 283, 566, 283, 4330, 566, 283, 283, 566, 283, 283, 566, 283]

Remaining capacity for Lock C hourly: 
[51300, 51300, 51300, 51300, 51300, 51300, 51300, 51300, 29286, 29286, 27894, 25806, 25806, 25806, 25806, 25806, 25806, 25806, 25806, 25806, 14799, 25806, 25458, 25806, 25806, 27198, 29286, 29286, 29286, 28590, 17583, 29286, 28938, 29286, 28590, 29286, 17235, 6228, 16539, 28590, 17931, 16887, 27546, 28590, 3792, 5880, 4488, 15843, 16887, 5184, 6228, 5184, 14799, 15495, 3792, 16887, 15147, 6228, 4836, 15147, 5880, 16887, 2748, 5184, 16887, 28242, 5532, 5532, 5184, 15495, 26502, 5184, 17931, 6576, 16887, 26502, 5532, 17583, 5184, 27546, 5880, 4488, 6576, 5880, 5880, 5880, 5880, 6924, 6228, 4488, 5532, 5532, 6576, 5880, 5880, 5880, 6576, 5880, 5184, 6576, 5880, 5532, 5532, 7272, 6228, 6576, 4836, 5532, 6576, 5880, 4836, 6924, 5184, 6228, 5532, 6576, 5880, 5184, 4488, 5532, 5532, 6228, 6576, 4836, 5880, 5532, 5184, 6924, 4836, 6576, 6228, 6228, 5880, 6228, 5532, 6576, 5532, 6576, 6924, 5184, 5880, 6228, 6228, 6576, 6576, 5880, 6228, 4140, 6576, 5880, 6228, 6576, 6924, 6576, 4836, 4488, 5880, 6228, 4836, 6576, 6924, 5184, 6228, 6228, 5184, 5532, 5532, 7272]