Total amount of ships that left the port via the Sea: 1145
	CrudeOilTanker: 12668
	BulkCarrier: 21
	TugBoat: 12668
	SmallCargoFreighter: 16

Average travel time for a vessel: 42.17976231909544

Average waiting time for a vessel in the anchorpoint: 69.05677801308407

Average number of vessels in the port: 352.23004687182845

Total vessels in the port at every hour in the simulation: 
[0.0, 0.0, 0.0, 0.0, 0.0, 25.0, 60.0, 122.0, 227.0, 295.0, 380.0, 400.0, 400.0, 400.0, 400.0, 400.0, 400.0, 400.0, 400.0, 400.0, 400.0, 400.0, 398.0, 398.0, 397.0, 394.0, 395.0, 392.0, 391.0, 391.0, 390.0, 392.0, 387.0, 385.0, 385.0, 384.0, 382.0, 383.0, 382.0, 372.0, 371.0, 363.0, 354.0, 357.0, 358.0, 359.0, 363.0, 364.0, 360.0, 361.0, 356.0, 356.0, 357.0, 347.0, 349.0, 339.0, 341.0, 347.0, 342.0, 351.0, 354.0, 349.0, 347.0, 349.0, 347.0, 348.0, 353.0, 357.0, 355.0, 359.0, 360.0, 361.0, 363.0, 359.0, 363.0, 361.0, 356.0, 357.0, 355.0, 355.0, 359.0, 361.0, 360.0, 366.0, 357.0, 356.0, 358.0, 359.0, 356.0, 358.0, 359.0, 356.0, 354.0, 344.0, 349.0, 355.0, 355.0, 362.0, 359.0, 355.0, 350.0, 347.0, 340.0, 344.0, 342.0, 341.0, 348.0, 345.0, 347.0, 350.0, 352.0, 357.0, 349.0, 352.0, 352.0, 353.0, 357.0, 362.0, 362.0, 364.0, 365.0, 361.0, 356.0, 358.0, 358.0, 355.0, 363.0, 363.0, 364.0, 359.0, 358.0, 355.0, 357.0, 352.0, 356.0, 358.0, 358.0, 360.0, 353.0, 353.0, 358.0, 361.0, 362.0, 368.0, 362.0, 349.0, 343.0, 342.0, 332.0, 337.0, 335.0, 341.0, 350.0, 355.0, 359.0, 354.0, 351.0, 352.0, 348.0, 352.0, 355.0, 352.0, 354.0, 358.0, 360.0, 357.0, 357.0, 358.0]

Average idle time for Lock A: 0.04505817667364313

Average idle time for Lock B: 0.05480952462650516

Average idle time for Lock C: 0.042492788131324205

Times Lock A changed state without containing ships: 36

Times Lock B changed state without containing ships: 42

Times Lock C changed state without containing ships: 61

Remaining capacity for Lock A hourly: 
[62500, 62500, 125000, 62500, 62500, 65611, 62500, 2902, 62500, 62826, 853, 62500, 63734, 1140, 62500, 63640, 3670, 62500, 51493, 125000, 62500, 62500, 108594, 61235, 62500, 112728, 62500, 51493, 51145, 119253, 51493, 62500, 113506, 51493, 62152, 113645, 62152, 62152, 51145, 67865, 39790, 50797, 90018, 28214, 28783, 62605, 50228, 28087, 38165, 68782, 39442, 34600, 72916, 39790, 55140, 58123, 18124, 39999, 28783, 67308, 37481, 29131, 89670, 49880, 50797, 90587, 45398, 39442, 62152, 112601, 50797, 62500, 101942, 50797, 51493, 123956, 62152, 40486, 62152, 113993, 50797, 50449, 91631, 38873, 62500, 91283, 62152, 51493, 28087, 90587, 61804, 6769, 68921, 18124, 51145, 79580, 18124, 50101, 39442, 79580, 6769, 50797, 67877, 6073, 50797, 79232, 28435, 39790, 51145, 57218, 17080, 39790, 101594, 18124, 62152, 113297, 62500, 40486, 39094, 102638, 61804, 62500, 80624, 50797, 62500, 91283, 62152, 62500, 61804, 90239, 51145, 61456, 90587, 50797, 51145, 58610, 40138, 50449, 39442, 91979, 50797, 39790, 79928, 18472, 61456, 90587, 50797, 51145, 16732, 68921, 39790, 51145, 90587, 29131, 39094, 56870, 50449, 61804, 61804, 91283, 40138, 39442, 90935, 28435, 51145, 79232, 40486, 61804]

Remaining capacity for Lock B hourly: 
[68000, 34000, 68000, 68000, 68000, 34000, 68000, 68000, 34000, 34979, 34979, 34283, 283, 34283, 34283, 34283, 34000, 34283, 34283, 34283, 283, 34283, 34283, 34000, 34283, 34283, 12269, 283, 34283, 23276, 34283, 22297, 34283, 34283, 34283, 283, 34283, 59300, 33652, 33239, 1610, 45638, 34000, 68000, 45986, 44594, 979, 34631, 34631, 43202, 22993, 12965, 12269, 283, 32543, 45290, 34283, 22645, 10529, 34631, 33239, 631, 10877, 11921, 12269, 22993, 44942, 33935, 32956, 566, 33935, 11225, 10942, 11573, 23276, 11225, 10942, 22928, 21884, 1262, 10942, 22580, 23276, 21601, 32195, 33587, 22928, 10942, 33935, 33587, 1262, 11638, 44246, 33935, 12617, 10942, 1958, 11573, 21949, 33587, 45638, 21536, 22297, 32195, 11921, 33239, 631, 11921, 21884, 12269, 283, 21188, 33239, 11290, 22580, 33935, 11573, 283, 44594, 914, 23276, 21949, 44942, 44594, 22928, 10942, 21884, 11225, 11290, 23624, 22928, 33587, 979, 11921, 34283, 23624, 21601, 44594, 33239, 23276, 34000, 23276, 45290, 10246, 21536, 566, 33587, 22297, 11921, 43898, 23276, 22993, 21536, 11573, 32543, 10942, 43550, 22580, 283, 11921, 914, 566, 283, 914, 33587, 566, 11638, 11225]

Remaining capacity for Lock C hourly: 
[51300, 76950, 76950, 51300, 76950, 51300, 76950, 54936, 29286, 30834, 26502, 52152, 27354, 26502, 52152, 26502, 28398, 54936, 29286, 32922, 29286, 54936, 32922, 29286, 54588, 29286, 32574, 54936, 28938, 21915, 29286, 53892, 32226, 28590, 43581, 27894, 43233, 75558, 29286, 20523, 28590, 43233, 21219, 17931, 75906, 7272, 31182, 41841, 39597, 54240, 28242, 43233, 52848, 28242, 42189, 39249, 19827, 20523, 18279, 31182, 6576, 20523, 30834, 16887, 9864, 16887, 10212, 31182, 6924, 19827, 6576, 43233, 53544, 17235, 9864, 28242, 31182, 32226, 39249, 21219, 39945, 20871, 20871, 27894, 21219, 39249, 31878, 20871, 17931, 10560, 17931, 20871, 30834, 28938, 32574, 39249, 31182, 10560, 17235, 29094, 18279, 41841, 21567, 40293, 42537, 17583, 9864, 31530, 5532, 54240, 17235, 30486, 32574, 17235, 41841, 17583, 32226, 30486, 39597, 41145, 16191, 41493, 31878, 17235, 54240, 39597, 21219, 42885, 16887, 30834, 28590, 42537, 64551, 18279, 20871, 5880, 21219, 40797, 28242, 42885, 6576, 53196, 31530, 28590, 19827, 27546, 42885, 20871, 6576, 31182, 6576, 21219, 20523, 27546, 9168, 5880, 20871, 31878, 28938, 31878, 6228, 42885, 42885, 28242, 31878, 27894, 10908, 21219]