Total amount of ships that left the port via the Sea: 1182
	CrudeOilTanker: 0
	BulkCarrier: 2267
	TugBoat: 23119
	SmallCargoFreighter: 0

Average travel time for a vessel: 39.04836039999999

Average waiting time for a vessel in the anchorpoint: 66.79560542951806

Average number of vessels in the port: 344.5125454857007

Total vessels in the port at every hour in the simulation: 
[0.0, 0.0, 0.0, 0.0, 0.0, 10.0, 21.0, 30.0, 120.0, 215.0, 352.0, 400.0, 400.0, 400.0, 400.0, 400.0, 400.0, 400.0, 399.0, 399.0, 397.0, 396.0, 396.0, 394.0, 394.0, 393.0, 393.0, 391.0, 388.0, 384.0, 386.0, 383.0, 383.0, 377.0, 374.0, 374.0, 376.0, 362.0, 358.0, 357.0, 352.0, 341.0, 346.0, 336.0, 338.0, 338.0, 343.0, 329.0, 332.0, 330.0, 332.0, 333.0, 330.0, 326.0, 331.0, 323.0, 319.0, 322.0, 319.0, 310.0, 326.0, 321.0, 323.0, 329.0, 341.0, 351.0, 362.0, 354.0, 352.0, 358.0, 358.0, 356.0, 365.0, 366.0, 367.0, 365.0, 363.0, 361.0, 364.0, 365.0, 364.0, 365.0, 367.0, 363.0, 365.0, 357.0, 354.0, 352.0, 351.0, 345.0, 349.0, 342.0, 339.0, 331.0, 337.0, 332.0, 342.0, 333.0, 340.0, 348.0, 352.0, 348.0, 354.0, 351.0, 358.0, 357.0, 351.0, 345.0, 344.0, 340.0, 341.0, 335.0, 342.0, 344.0, 350.0, 350.0, 354.0, 359.0, 362.0, 355.0, 361.0, 354.0, 350.0, 358.0, 360.0, 353.0, 354.0, 349.0, 350.0, 346.0, 345.0, 335.0, 345.0, 341.0, 351.0, 353.0, 345.0, 349.0, 353.0, 355.0, 357.0, 357.0, 368.0, 358.0, 361.0, 356.0, 348.0, 349.0, 343.0, 343.0, 350.0, 344.0, 343.0, 347.0, 353.0, 345.0, 352.0, 345.0, 351.0, 351.0, 352.0, 346.0, 350.0, 348.0, 349.0, 349.0, 350.0, 347.0]

Average idle time for Lock A: 0.08465823950666382

Average idle time for Lock B: 0.09885374603174643

Average idle time for Lock C: 0.09094846553415094

Times Lock A changed state without containing ships: 20

Times Lock B changed state without containing ships: 35

Times Lock C changed state without containing ships: 55

Remaining capacity for Lock A hourly: 
[62500, 62500, 62500, 62500, 62500, 19308, 62500, 46303, 62500, 44752, 62500, 49276, 62500, 62500, 62500, 62500, 62500, 62500, 62500, 62500, 62152, 62500, 62152, 62500, 62152, 62500, 57101, 62152, 56405, 62500, 62152, 56753, 61456, 62152, 62152, 62152, 50310, 61456, 54665, 62152, 60760, 56057, 59716, 55709, 61108, 61456, 60412, 60064, 61456, 60412, 56057, 60412, 54665, 60064, 49614, 61108, 55361, 56753, 59716, 54665, 56057, 59020, 60760, 61804, 61108, 55361, 60412, 53621, 62152, 61804, 61804, 56057, 61804, 54317, 61108, 62152, 61108, 62152, 61804, 61456, 62152, 51006, 61108, 61456, 56405, 61804, 56057, 61804, 55709, 56057, 55013, 62152, 49962, 50310, 60760, 61108, 61108, 60760, 61456, 59368, 60064, 56405, 56753, 60412, 61108, 56753, 60064, 55013, 61108, 61456, 60412, 61456, 55709, 54665, 61456, 50310, 61108, 56057, 56057, 60412, 55361, 61804, 61804, 56405, 61456, 60412, 60412, 61456, 51006, 50310, 55013, 56405, 55361, 56057, 56057, 56057, 61456, 60760, 56057, 55709, 61804, 55013, 61108, 50310, 55709, 62152, 55709, 56753, 62152, 56057, 50310, 55709, 61456, 61108, 61108, 56405, 56057, 60760, 55361, 61108, 57101, 56057, 60760, 61456, 61108, 61456, 55013, 61108]

Remaining capacity for Lock B hourly: 
[34000, 68000, 34000, 34000, 68000, 34000, 34000, 68000, 1606, 34000, 51803, 18340, 34000, 52340, 18340, 34000, 65912, 34000, 34000, 68000, 34000, 34000, 67652, 34000, 34000, 67652, 34000, 33652, 67652, 34000, 28253, 66956, 34000, 33304, 67304, 34000, 32260, 60513, 33652, 26513, 60513, 33304, 31912, 66260, 26861, 32260, 50938, 26513, 32260, 64520, 27209, 31564, 57729, 27209, 26165, 60692, 21462, 31912, 51982, 32956, 31216, 62084, 31216, 33652, 64172, 21462, 31912, 47279, 31216, 27905, 63824, 33652, 32956, 65912, 31912, 34000, 59469, 32956, 27557, 64172, 32956, 27905, 60861, 34000, 26513, 65216, 32608, 22158, 59469, 33304, 30868, 54766, 31216, 33652, 64868, 32260, 30868, 64520, 31216, 32956, 59817, 33304, 32260, 65564, 30868, 31564, 63476, 32956, 31564, 60861, 26861, 26513, 65912, 31912, 32260, 59121, 20766, 32608, 65564, 21462, 32956, 65216, 33304, 32608, 54070, 32608, 32260, 65216, 32956, 26165, 63476, 27557, 32956, 58773, 22158, 29476, 54070, 32260, 27557, 54418, 11708, 32956, 64868, 30868, 33304, 64868, 27557, 26165, 65216, 27557, 32260, 59121, 33304, 31912, 59121, 31216, 26513, 55462, 27209, 32608, 52678, 32260, 27557, 60513, 26513, 33652, 60861, 32608]

Remaining capacity for Lock C hourly: 
[51300, 51300, 51300, 51300, 51300, 51300, 51300, 29704, 29704, 27268, 25876, 43296, 43296, 43296, 43296, 43296, 50952, 45901, 51300, 50604, 51300, 51300, 51300, 50952, 51300, 50256, 50952, 49908, 50604, 51300, 51300, 50256, 49908, 49560, 49908, 49908, 49560, 44857, 50256, 49560, 37718, 44857, 43813, 38414, 43117, 43465, 43465, 38762, 48516, 49212, 43465, 48168, 42769, 37718, 48516, 43117, 43465, 41725, 37370, 48864, 38762, 48168, 49560, 48864, 48516, 41725, 43813, 43117, 50952, 44857, 50256, 49908, 44161, 49212, 49212, 48516, 49908, 50604, 44509, 49908, 44161, 49908, 49560, 48864, 44161, 43465, 49560, 48864, 49212, 38066, 44857, 43117, 42769, 42421, 49908, 44161, 48864, 48516, 49908, 48864, 48516, 47820, 43813, 49908, 38066, 32667, 44857, 38762, 44161, 50256, 30927, 49908, 48864, 42769, 50952, 49560, 48516, 49212, 47124, 44857, 50604, 47820, 50256, 44857, 48516, 38414, 49908, 48864, 48168, 49908, 44509, 49212, 49212, 44509, 49560, 38414, 48168, 50604, 50256, 43465, 49212, 50256, 48864, 49560, 49212, 38414, 49560, 38414, 48864, 43813, 39110, 44161, 43465, 43813, 48516, 48516, 49560, 43813, 49908, 48516, 48168, 49560, 48864, 49560, 43117, 48168, 43117, 43117]