Total amount of ships that left the port via the Sea: 1146
	CrudeOilTanker: 7103
	BulkCarrier: 5500
	TugBoat: 8409
	SmallCargoFreighter: 4265

Average travel time for a vessel: 41.809193050377885

Average waiting time for a vessel in the anchorpoint: 68.72306161978851

Average number of vessels in the port: 350.92142416043254

Total vessels in the port at every hour in the simulation: 
[0.0, 0.0, 0.0, 0.0, 0.0, 28.0, 83.0, 136.0, 224.0, 271.0, 336.0, 373.0, 398.0, 399.0, 399.0, 399.0, 399.0, 400.0, 400.0, 400.0, 400.0, 399.0, 399.0, 398.0, 398.0, 398.0, 396.0, 394.0, 393.0, 392.0, 393.0, 389.0, 389.0, 388.0, 389.0, 384.0, 385.0, 381.0, 383.0, 381.0, 378.0, 377.0, 375.0, 374.0, 376.0, 373.0, 371.0, 355.0, 356.0, 349.0, 344.0, 343.0, 341.0, 330.0, 341.0, 351.0, 355.0, 353.0, 359.0, 351.0, 359.0, 350.0, 347.0, 342.0, 344.0, 350.0, 358.0, 352.0, 353.0, 349.0, 350.0, 348.0, 351.0, 353.0, 352.0, 361.0, 359.0, 355.0, 363.0, 361.0, 355.0, 357.0, 354.0, 348.0, 354.0, 349.0, 349.0, 349.0, 356.0, 358.0, 364.0, 359.0, 362.0, 364.0, 368.0, 365.0, 368.0, 354.0, 349.0, 347.0, 347.0, 336.0, 340.0, 337.0, 344.0, 351.0, 356.0, 356.0, 368.0, 370.0, 370.0, 371.0, 366.0, 362.0, 366.0, 358.0, 365.0, 363.0, 360.0, 352.0, 355.0, 342.0, 336.0, 342.0, 348.0, 343.0, 350.0, 346.0, 354.0, 371.0, 367.0, 365.0, 363.0, 350.0, 348.0, 346.0, 352.0, 347.0, 353.0, 349.0, 350.0, 360.0, 360.0, 360.0, 367.0, 368.0, 365.0, 362.0, 356.0, 350.0, 353.0, 349.0, 357.0, 356.0, 354.0, 342.0, 349.0, 341.0, 343.0, 352.0, 349.0, 350.0, 359.0, 354.0, 353.0, 356.0, 361.0, 363.0]

Average idle time for Lock A: 0.053712417494491196

Average idle time for Lock B: 0.04367008928571431

Average idle time for Lock C: 0.03806372864521234

Times Lock A changed state without containing ships: 21

Times Lock B changed state without containing ships: 26

Times Lock C changed state without containing ships: 41

Remaining capacity for Lock A hourly: 
[62500, 62500, 62500, 62500, 62500, 3111, 62500, 3111, 62500, 326, 62500, 187, 57101, 157, 62500, 792, 62500, 1140, 62500, 801, 62500, 51493, 62500, 62500, 62500, 62500, 46094, 62500, 62152, 62500, 46094, 57101, 56753, 62500, 40347, 51145, 50437, 61235, 56753, 34948, 45398, 39221, 39221, 60887, 60760, 51702, 20936, 34948, 17985, 37956, 39442, 29340, 21759, 33126, 62500, 28983, 17985, 45946, 49405, 51145, 6061, 38026, 22328, 51354, 50228, 7187, 2066, 43785, 35287, 38525, 49172, 43785, 60887, 27379, 62500, 61456, 24080, 55488, 60887, 58926, 55488, 51493, 40695, 50797, 35296, 35087, 49880, 60887, 32778, 56753, 32987, 55488, 39430, 38525, 50658, 22758, 59843, 62152, 6978, 38525, 49045, 55488, 33822, 52610, 51493, 25197, 55488, 41603, 53306, 59274, 56405, 39790, 12725, 55836, 48824, 51006, 54792, 17985, 54792, 46094, 39651, 48963, 49880, 38525, 59622, 25197, 60887, 62152, 56753, 36691, 43216, 50449, 55488, 61804, 31513, 29688, 34391, 56753, 31861, 27936, 49880, 56405, 45398, 43216, 57101, 49184, 33126, 55709, 38525, 50658, 62152, 51145, 42172, 39303, 42508, 40138, 48963, 28214, 44702, 62152, 32209, 37121, 43564, 55140, 29340, 55488, 62152, 32430]

Remaining capacity for Lock B hourly: 
[34000, 68000, 34000, 34000, 68000, 34000, 34000, 68000, 1606, 34000, 35606, 144, 34000, 34283, 144, 34000, 34144, 144, 34000, 34283, 283, 34000, 34283, 283, 28601, 34283, 283, 33652, 34283, 283, 34000, 28884, 283, 33652, 23276, 283, 22645, 34283, 33, 11638, 33914, 34000, 17455, 51246, 33304, 11847, 35188, 22993, 22297, 37791, 21380, 840, 38626, 14020, 631, 26354, 1049, 979, 22568, 979, 5322, 12469, 16898, 32387, 49633, 28253, 10594, 16264, 30426, 21801, 28188, 10582, 283, 10169, 16550, 483, 3284, 8621, 17237, 9252, 3709, 3013, 2379, 3013, 2665, 19342, 2665, 33304, 21512, 9538, 5543, 22580, 135, 17594, 22081, 6100, 4626, 23137, 16898, 6796, 17738, 11638, 8969, 33448, 22506, 5322, 36317, 10721, 17594, 33587, 4278, 4974, 59375, 19767, 840, 22789, 22993, 16898, 21733, 16898, 10455, 18437, 22297, 10246, 14778, 3779, 9456, 29093, 1188, 840, 17717, 3013, 6657, 42854, 33652, 19767, 10517, 840, 16202, 16264, 10373, 10373, 22011, 1748, 14368, 6731, 840, 14716, 26354, 6239, 21601, 27619, 22645, 483, 25183, 9886, 4139, 51806, 4626, 15285, 1123, 16550, 6587, 3517, 4835, 4278, 1111, 16411]

Remaining capacity for Lock C hourly: 
[51300, 51300, 51300, 51300, 51300, 51300, 29704, 29704, 29704, 27268, 25876, 25806, 25667, 25806, 25933, 26756, 25700, 26756, 26756, 26756, 21357, 26756, 20301, 25700, 34894, 12880, 28938, 29286, 29286, 28938, 28590, 23887, 29286, 28590, 28242, 28590, 29147, 50952, 33850, 44857, 34894, 34755, 18140, 34546, 28590, 11267, 32016, 34758, 45901, 28590, 9167, 16518, 24308, 12184, 6228, 16179, 5311, 10919, 16261, 10919, 4476, 4951, 2654, 23739, 5311, 11476, 5393, 9654, 5659, 12184, 5659, 4824, 8946, 6924, 7914, 18488, 4603, 5868, 27186, 16527, 16318, 16666, 26977, 28590, 6437, 23539, 10571, 36150, 27673, 12532, 32933, 17235, 26060, 18349, 27325, 34546, 20174, 27673, 28799, 34059, 11488, 4394, 22274, 16179, 22147, 36928, 26060, 30751, 32933, 4824, 43940, 32806, 49687, 30403, 32364, 34546, 26617, 8598, 15262, 21009, 27546, 17444, 5659, 31668, 13997, 6089, 20731, 5868, 23191, 17235, 15819, 1377, 17390, 17223, 27534, 23539, 23748, 16539, 23539, 27534, 27325, 34398, 17096, 21357, 39597, 37984, 42675, 15483, 27534, 16666, 24795, 34198, 6994, 9085, 11140, 26838, 12184, 21357, 43940, 5160, 3559, 27882, 7133, 15401, 39237, 7272, 33281, 16748]