Total amount of ships that left the port via the Sea: 1141
	CrudeOilTanker: 7131
	BulkCarrier: 5720
	TugBoat: 8374
	SmallCargoFreighter: 4283

Average travel time for a vessel: 42.03451295197979

Average waiting time for a vessel in the anchorpoint: 68.59781895285357

Average number of vessels in the port: 355.83370014482824

Total vessels in the port at every hour in the simulation: 
[0.0, 0.0, 0.0, 0.0, 0.0, 23.0, 72.0, 132.0, 208.0, 249.0, 324.0, 362.0, 396.0, 400.0, 400.0, 400.0, 400.0, 400.0, 400.0, 399.0, 399.0, 399.0, 400.0, 400.0, 400.0, 398.0, 397.0, 394.0, 393.0, 390.0, 388.0, 389.0, 390.0, 391.0, 390.0, 387.0, 385.0, 380.0, 380.0, 380.0, 378.0, 368.0, 375.0, 369.0, 369.0, 368.0, 364.0, 349.0, 354.0, 350.0, 349.0, 351.0, 349.0, 347.0, 357.0, 359.0, 359.0, 361.0, 358.0, 350.0, 348.0, 347.0, 350.0, 351.0, 350.0, 351.0, 358.0, 354.0, 352.0, 352.0, 349.0, 347.0, 354.0, 351.0, 356.0, 362.0, 361.0, 364.0, 372.0, 377.0, 373.0, 366.0, 366.0, 358.0, 368.0, 359.0, 349.0, 345.0, 346.0, 347.0, 353.0, 355.0, 360.0, 365.0, 358.0, 360.0, 361.0, 360.0, 359.0, 359.0, 362.0, 354.0, 358.0, 354.0, 354.0, 357.0, 359.0, 354.0, 361.0, 357.0, 359.0, 363.0, 366.0, 359.0, 367.0, 363.0, 365.0, 362.0, 368.0, 360.0, 366.0, 361.0, 360.0, 361.0, 360.0, 356.0, 356.0, 353.0, 360.0, 363.0, 362.0, 360.0, 369.0, 363.0, 357.0, 355.0, 354.0, 353.0, 361.0, 354.0, 360.0, 362.0, 359.0, 355.0, 360.0, 363.0, 365.0, 360.0, 361.0, 351.0, 360.0, 360.0, 355.0, 364.0, 362.0, 358.0, 364.0, 359.0, 360.0, 360.0, 358.0, 352.0, 362.0, 361.0, 358.0, 365.0, 364.0, 369.0]

Average idle time for Lock A: 0.04551657640524618

Average idle time for Lock B: 0.046375910714286185

Average idle time for Lock C: 0.037544125073854476

Times Lock A changed state without containing ships: 21

Times Lock B changed state without containing ships: 26

Times Lock C changed state without containing ships: 41

Remaining capacity for Lock A hourly: 
[62500, 62500, 62500, 62500, 62500, 62500, 62500, 3111, 62500, 187, 62500, 187, 62500, 187, 62500, 187, 62500, 1234, 62500, 1140, 62500, 27836, 62500, 62500, 51493, 62500, 57101, 62500, 51493, 62500, 62500, 57101, 61804, 62500, 61804, 61235, 56753, 45746, 51145, 57101, 34391, 40486, 38873, 51354, 17068, 24080, 22537, 51702, 45398, 34739, 36691, 39442, 45259, 27866, 45050, 53748, 18333, 17985, 32209, 28853, 48267, 44829, 28783, 50449, 49741, 48267, 22328, 39094, 44829, 51145, 45955, 38177, 47350, 49184, 51145, 46654, 51145, 44133, 57101, 37817, 26601, 61804, 50449, 61804, 34043, 34948, 44342, 40138, 61235, 44481, 33695, 34391, 49532, 44702, 50797, 34948, 314, 57101, 40486, 44702, 60539, 22676, 43785, 61108, 62152, 32209, 39221, 56753, 43785, 28783, 43785, 61235, 55488, 29479, 45398, 28853, 34391, 44133, 48824, 55488, 24289, 56753, 56057, 61235, 61456, 46654, 40138, 39790, 43089, 59622, 51145, 46085, 38734, 32778, 12226, 33474, 34739, 38165, 27866, 39651, 44133, 49532, 39094, 16511, 60887, 12725, 55488, 18333, 61804, 46094, 40556, 57101, 50797, 49880, 38873, 55140, 40486, 40486, 45746, 54792, 20854, 61804, 55836, 39651, 57101, 17416, 43564, 40138]

Remaining capacity for Lock B hourly: 
[34000, 68000, 34000, 34000, 68000, 34000, 34000, 68000, 1606, 34000, 35606, 214, 34000, 34144, 144, 34000, 34005, 144, 28601, 34283, 283, 34000, 34283, 283, 33652, 34283, 283, 34000, 12269, 283, 28601, 34127, 2753, 33652, 67652, 27336, 22645, 61905, 21728, 17594, 44582, 28601, 17455, 51246, 22645, 11847, 33784, 28253, 6587, 15208, 10721, 11499, 28515, 1188, 10942, 18077, 6448, 12407, 18994, 6448, 33652, 21872, 3918, 20672, 8196, 20746, 32174, 840, 4269, 6731, 6587, 1179, 42621, 5891, 18850, 914, 6091, 22297, 21663, 1748, 22645, 22359, 10025, 2665, 17460, 26292, 3013, 34144, 4974, 27336, 25646, 283, 5322, 22998, 1748, 4057, 42064, 631, 27905, 14987, 1188, 4057, 5605, 21380, 1188, 23824, 11290, 2444, 6522, 2096, 132, 7860, 144, 3013, 4688, 15981, 283, 7987, 17806, 6587, 5953, 2665, 3709, 16960, 4974, 22854, 54893, 5322, 21949, 17390, 15981, 17246, 48020, 4974, 283, 9031, 6239, 11499, 37709, 6448, 7147, 28536, 1188, 10582, 23276, 20684, 492, 9461, 10803, 4626, 6870, 283, 9886, 8474, 9317, 13672, 914, 831, 631, 5236, 492, 631, 3644, 3570, 631, 13174, 283]

Remaining capacity for Lock C hourly: 
[51300, 51300, 51300, 51300, 51300, 51300, 51300, 29704, 29704, 29704, 25876, 25667, 25806, 25667, 26711, 25700, 25700, 26756, 25700, 25909, 26756, 25700, 25700, 26756, 26756, 23887, 23539, 28938, 28938, 27673, 29286, 29286, 18279, 18140, 22843, 24795, 39597, 45553, 45553, 16875, 16875, 34546, 28091, 38541, 22483, 21218, 22347, 23539, 22495, 37067, 21578, 7342, 10223, 29147, 26629, 24656, 26260, 13089, 20174, 8958, 10780, 19048, 22831, 12950, 33490, 18488, 5741, 37984, 15053, 24447, 33281, 11615, 18140, 27882, 12741, 32933, 21578, 22622, 12532, 12184, 6855, 5868, 16318, 18488, 28451, 5311, 5311, 17792, 17792, 25364, 22147, 21578, 33502, 9527, 10919, 20661, 22843, 38680, 11476, 10989, 25921, 22822, 26617, 15958, 29347, 18700, 4046, 12393, 8262, 12184, 5311, 22483, 23191, 6646, 16666, 6007, 37636, 45901, 27673, 43592, 28021, 21926, 16875, 25364, 15970, 9654, 22483, 39945, 11488, 21578, 28451, 31668, 29486, 15622, 39028, 30972, 33281, 39249, 13997, 8737, 12393, 4963, 21218, 25364, 9085, 6924, 4685, 5729, 5311, 5868, 25921, 6634, 27186, 17014, 17444, 44288, 16318, 16887, 24668, 17235, 11267, 6216, 10919, 17444, 22483, 44857, 37984, 47378]