Total amount of ships that left the port via the Sea: 1175
	CrudeOilTanker: 12681
	BulkCarrier: 21
	TugBoat: 12681
	SmallCargoFreighter: 16

Average travel time for a vessel: 41.12743547950816

Average waiting time for a vessel in the anchorpoint: 69.27444871970623

Average number of vessels in the port: 351.9441818753987

Total vessels in the port at every hour in the simulation: 
[0.0, 0.0, 0.0, 0.0, 0.0, 25.0, 67.0, 133.0, 235.0, 308.0, 393.0, 400.0, 400.0, 400.0, 400.0, 400.0, 399.0, 399.0, 399.0, 398.0, 398.0, 396.0, 397.0, 398.0, 397.0, 397.0, 398.0, 399.0, 398.0, 398.0, 395.0, 393.0, 388.0, 380.0, 379.0, 372.0, 373.0, 375.0, 375.0, 373.0, 380.0, 377.0, 375.0, 375.0, 368.0, 366.0, 365.0, 359.0, 352.0, 343.0, 340.0, 343.0, 338.0, 345.0, 348.0, 346.0, 347.0, 347.0, 345.0, 352.0, 357.0, 356.0, 355.0, 354.0, 351.0, 346.0, 349.0, 350.0, 348.0, 351.0, 350.0, 356.0, 355.0, 359.0, 361.0, 358.0, 357.0, 361.0, 361.0, 361.0, 364.0, 363.0, 363.0, 363.0, 354.0, 349.0, 352.0, 350.0, 343.0, 346.0, 349.0, 347.0, 350.0, 353.0, 362.0, 371.0, 371.0, 377.0, 370.0, 360.0, 357.0, 355.0, 348.0, 355.0, 352.0, 349.0, 355.0, 353.0, 347.0, 350.0, 346.0, 353.0, 350.0, 357.0, 357.0, 357.0, 357.0, 356.0, 349.0, 346.0, 348.0, 343.0, 343.0, 347.0, 349.0, 350.0, 360.0, 362.0, 355.0, 357.0, 358.0, 354.0, 352.0, 346.0, 354.0, 351.0, 353.0, 359.0, 358.0, 355.0, 353.0, 358.0, 355.0, 360.0, 357.0, 358.0, 361.0, 355.0, 350.0, 354.0, 354.0, 354.0, 355.0, 350.0, 354.0, 350.0, 348.0, 354.0, 349.0, 347.0, 348.0, 349.0, 350.0, 354.0, 354.0, 360.0, 365.0, 359.0]

Average idle time for Lock A: 0.07177790800918794

Average idle time for Lock B: 0.04799449602971755

Average idle time for Lock C: 0.04354438222140761

Times Lock A changed state without containing ships: 30

Times Lock B changed state without containing ships: 46

Times Lock C changed state without containing ships: 65

Remaining capacity for Lock A hourly: 
[62500, 62500, 125000, 62500, 62500, 65611, 62500, 2902, 62500, 62826, 853, 62500, 63734, 1140, 62500, 58241, 3670, 62500, 51493, 125000, 62500, 62500, 124652, 62500, 62500, 125000, 62500, 62500, 62152, 118336, 62500, 45398, 92188, 51493, 51354, 107898, 40138, 33822, 40486, 96891, 39999, 61456, 100677, 61108, 39442, 96891, 29131, 61804, 9499, 78315, 39790, 3183, 80276, 29131, 27727, 66960, 28087, 28783, 16732, 74181, 62152, 39790, 88405, 60887, 50797, 90935, 40138, 51145, 39082, 124652, 61456, 51493, 100677, 39790, 18472, 80624, 61804, 51145, 51493, 112949, 40486, 61108, 68573, 17080, 40138, 91283, 7117, 51145, 28435, 57218, 49753, 50797, 90239, 39442, 62500, 100898, 17776, 29479, 51493, 101246, 40138, 40138, 102290, 49753, 39790, 69269, 40138, 50449, 50797, 80624, 40138, 39790, 101246, 39094, 29131, 90935, 39790, 17776, 51493, 90239, 28783, 61804, 79928, 28783, 28435, 68573, 40138, 29479, 50449, 68921, 39442, 29131, 68921, 29479, 28435, 101594, 50797, 40138, 50797, 13190, 51145, 61456, 91283, 29131, 7117, 69269, 40138, 61804, 50797, 91631, 40486, 50797, 90935, 40138, 18124, 111905, 29131, 61804, 51145, 90935, 61804, 28783, 79928, 39790, 50797, 112601, 5725, 50797]

Remaining capacity for Lock B hourly: 
[68000, 34000, 68000, 68000, 68000, 34000, 68000, 68000, 34000, 34979, 34979, 34283, 283, 34283, 34283, 34283, 34000, 34283, 34283, 34283, 283, 34283, 34283, 34000, 34283, 34283, 34283, 283, 34283, 34283, 34283, 11986, 33935, 33935, 23276, 283, 34283, 59300, 22993, 55601, 67304, 45638, 33652, 56297, 56645, 67304, 22993, 44942, 12965, 45986, 34000, 34283, 44942, 33304, 22928, 12617, 23276, 11638, 23276, 33935, 914, 10246, 21884, 33239, 10877, 283, 914, 10529, 283, 566, 11225, 1262, 283, 566, 914, 10529, 11638, 11225, 23624, 11225, 631, 55949, 22928, 21949, 21536, 54557, 33935, 21949, 34283, 32543, 11225, 22297, 33587, 44594, 56297, 283, 22928, 22232, 283, 44246, 34631, 44594, 22993, 12269, 12617, 44594, 979, 33239, 22580, 566, 33304, 32195, 55601, 10942, 33935, 32543, 21884, 10942, 43898, 566, 22580, 11290, 54209, 33587, 45290, 33304, 32543, 20840, 631, 33239, 566, 33935, 22645, 11921, 32543, 43550, 979, 23624, 44942, 11921, 11290, 45290, 33239, 10942, 44942, 11225, 1262, 22297, 54905, 22580, 22928, 22297, 10877, 21884, 21884, 283, 23276, 43550, 11638, 21884, 11921, 33587, 283, 11225, 23624, 12269, 21949, 22580]

Remaining capacity for Lock C hourly: 
[51300, 76950, 76950, 51300, 76950, 51300, 76950, 54936, 29286, 30138, 26502, 52152, 27354, 26502, 52152, 26502, 29094, 54936, 18279, 32922, 18279, 43929, 32922, 28938, 54936, 29286, 32922, 54936, 29286, 31878, 28938, 43929, 20871, 28938, 31530, 29286, 32574, 64551, 40293, 32226, 40293, 42537, 54240, 28242, 9516, 28590, 52848, 8820, 27546, 54588, 16539, 42885, 20175, 6576, 9516, 5532, 7776, 53544, 29286, 30834, 28938, 9516, 9516, 5880, 31530, 39249, 21219, 32574, 6228, 20523, 18279, 30834, 31182, 17583, 53544, 16887, 54588, 21219, 17931, 31530, 6924, 10212, 31878, 17931, 10560, 17583, 31530, 8820, 6228, 10212, 6576, 10212, 31530, 28590, 53892, 27894, 42537, 21219, 16539, 31530, 40293, 41841, 21567, 28938, 19827, 6228, 42537, 9516, 6228, 19827, 16539, 43581, 21567, 5880, 32226, 6228, 9516, 20175, 17235, 31878, 39249, 42537, 31878, 6924, 30834, 27894, 32226, 41493, 17583, 54240, 17583, 20175, 41145, 17931, 43929, 50952, 20523, 9864, 6228, 20523, 17235, 31182, 32226, 29286, 10212, 50604, 29790, 9168, 6228, 53544, 16539, 54588, 30138, 29286, 74862, 16887, 52152, 31530, 5880, 41841, 17235, 21219, 32574, 6228, 53196, 17931, 41841, 31878]