Total amount of ships that left the port via the Sea: 1079
	CrudeOilTanker: 12679
	BulkCarrier: 21
	TugBoat: 12679
	SmallCargoFreighter: 16

Average travel time for a vessel: 44.453736282969444

Average waiting time for a vessel in the anchorpoint: 69.49165321318824

Average number of vessels in the port: 359.86683975603984

Total vessels in the port at every hour in the simulation: 
[0.0, 0.0, 0.0, 0.0, 0.0, 25.0, 60.0, 122.0, 227.0, 295.0, 380.0, 400.0, 400.0, 400.0, 400.0, 400.0, 400.0, 400.0, 400.0, 400.0, 400.0, 399.0, 399.0, 399.0, 399.0, 398.0, 397.0, 398.0, 398.0, 397.0, 396.0, 391.0, 389.0, 389.0, 391.0, 387.0, 391.0, 386.0, 384.0, 381.0, 378.0, 374.0, 373.0, 370.0, 371.0, 367.0, 370.0, 365.0, 367.0, 364.0, 364.0, 361.0, 364.0, 355.0, 362.0, 354.0, 355.0, 351.0, 355.0, 354.0, 358.0, 359.0, 357.0, 359.0, 360.0, 359.0, 370.0, 363.0, 366.0, 364.0, 363.0, 356.0, 363.0, 364.0, 369.0, 374.0, 374.0, 371.0, 375.0, 365.0, 364.0, 363.0, 366.0, 370.0, 375.0, 369.0, 363.0, 363.0, 365.0, 361.0, 367.0, 362.0, 362.0, 361.0, 356.0, 353.0, 360.0, 361.0, 364.0, 364.0, 367.0, 363.0, 367.0, 363.0, 367.0, 366.0, 364.0, 357.0, 362.0, 359.0, 360.0, 367.0, 363.0, 357.0, 361.0, 358.0, 354.0, 359.0, 359.0, 360.0, 367.0, 362.0, 364.0, 363.0, 361.0, 363.0, 368.0, 366.0, 370.0, 368.0, 368.0, 362.0, 367.0, 362.0, 361.0, 367.0, 363.0, 358.0, 362.0, 360.0, 359.0, 366.0, 370.0, 361.0, 366.0, 362.0, 363.0, 357.0, 360.0, 354.0, 367.0, 365.0, 371.0, 374.0, 377.0, 368.0, 370.0, 369.0, 361.0, 368.0, 358.0, 352.0, 357.0, 355.0, 361.0, 365.0, 371.0, 355.0]

Average idle time for Lock A: 0.06069973145016933

Average idle time for Lock B: 0.047619047619047616

Average idle time for Lock C: 0.042312276519665966

Times Lock A changed state without containing ships: 24

Times Lock B changed state without containing ships: 27

Times Lock C changed state without containing ships: 38

Remaining capacity for Lock A hourly: 
[62500, 62500, 62500, 62500, 62500, 62500, 62500, 3111, 62500, 118, 62500, 326, 62500, 1201, 62500, 1140, 62500, 1140, 62500, 1140, 62500, 6200, 62500, 51493, 62500, 62500, 62500, 62500, 57101, 62500, 51145, 62500, 62500, 62500, 40347, 51493, 40556, 51493, 48615, 40138, 44911, 51145, 35087, 18472, 33126, 39442, 59495, 17080, 55140, 51145, 48697, 28087, 18681, 39442, 11460, 6769, 801, 27739, 36912, 18124, 47698, 18472, 18124, 28435, 29131, 16732, 56405, 39442, 22815, 50797, 51493, 18124, 61804, 29131, 60887, 62152, 60539, 61456, 39442, 51145, 28783, 40138, 62500, 40138, 6421, 29131, 39790, 40138, 51145, 17776, 29131, 40486, 28783, 38746, 39442, 51145, 18472, 29479, 16732, 7117, 6769, 39790, 17080, 29131, 28783, 5725, 17776, 16732, 40138, 61108, 29479, 28435, 28435, 49753, 51493, 40138, 50797, 29131, 50797, 50449, 50449, 62152, 7465, 50449, 39790, 62152, 50449, 17428, 62152, 50449, 40138, 28783, 39442, 61804, 51145, 51145, 18124, 40138, 18472, 61456, 40138, 28783, 39442, 50797, 29479, 61108, 5725, 51145, 6421, 17428, 29131, 6769, 61804, 17080, 50101, 28087, 39790, 50797, 51145, 40138, 28435, 39790, 61456, 50797, 29131, 17776, 49057, 39790]

Remaining capacity for Lock B hourly: 
[34000, 68000, 34000, 34000, 68000, 34000, 34000, 68000, 34000, 34000, 34979, 283, 34000, 34283, 283, 34000, 34283, 283, 34000, 34283, 283, 34000, 34283, 283, 34000, 34283, 283, 34000, 33935, 283, 33304, 23276, 283, 34000, 23276, 283, 22993, 34283, 283, 11986, 23276, 283, 33652, 12269, 283, 22993, 11921, 1546, 22645, 23276, 22645, 22993, 33935, 22645, 979, 22928, 22297, 22645, 45638, 22993, 21949, 43202, 32608, 283, 44594, 11638, 9898, 566, 22645, 283, 20492, 283, 631, 11573, 283, 283, 9137, 283, 9898, 11573, 631, 631, 566, 283, 283, 31847, 10246, 11638, 10877, 10942, 283, 914, 283, 9898, 21884, 11290, 283, 33239, 283, 22645, 43898, 283, 32956, 33587, 21253, 10246, 44246, 22297, 283, 1262, 631, 21949, 22232, 10594, 10246, 10529, 283, 631, 1262, 283, 283, 566, 283, 283, 21884, 283, 11290, 12617, 283, 32608, 10181, 22645, 10942, 12269, 22297, 283, 566, 631, 10942, 20840, 11290, 283, 9485, 283, 283, 10877, 631, 283, 914, 283, 979, 1262, 283, 10942, 30107, 283, 22297, 1262, 11638, 283, 12269, 22645, 283, 914, 283, 283, 9137, 10594]

Remaining capacity for Lock C hourly: 
[51300, 51300, 51300, 51300, 51300, 51300, 51300, 29286, 29286, 29286, 25806, 25806, 25806, 25806, 25806, 25806, 25806, 27546, 29286, 29286, 18279, 29286, 29286, 29286, 28938, 28938, 29286, 29286, 28938, 18279, 28938, 28590, 28938, 28938, 29286, 29286, 17931, 17235, 17931, 28242, 6924, 17583, 27198, 17931, 16539, 6228, 17931, 26850, 27546, 16887, 5532, 6576, 5880, 5880, 16539, 5184, 5880, 5880, 5532, 5184, 6924, 4488, 6576, 5880, 17931, 27894, 28242, 6228, 6576, 5532, 6228, 5880, 6924, 7272, 7272, 6576, 6576, 6576, 5532, 5880, 6576, 6924, 6576, 6576, 5532, 5880, 27894, 28242, 27894, 17583, 5532, 6228, 17235, 6576, 6576, 6924, 6576, 6576, 5184, 17235, 16539, 5532, 17931, 6228, 5532, 6576, 6924, 6924, 27198, 6576, 6228, 5880, 5184, 17931, 6576, 16191, 17235, 5532, 6228, 17235, 5880, 6576, 6576, 4488, 17931, 16887, 5880, 17235, 5532, 6228, 6576, 6228, 6228, 17235, 6228, 4836, 5880, 6924, 6228, 6228, 18279, 17235, 27894, 5532, 6576, 6576, 17583, 17235, 6924, 28938, 17931, 15843, 38553, 28938, 16539, 5532, 50256, 27198, 39597, 14799, 5184, 28590, 27894, 28590, 6576, 5532, 17235, 4140]