Total amount of ships that left the port via the Sea: 1159
	CrudeOilTanker: 7148
	BulkCarrier: 5458
	TugBoat: 8421
	SmallCargoFreighter: 4259

Average travel time for a vessel: 40.8022338922449

Average waiting time for a vessel in the anchorpoint: 68.4459847222222

Average number of vessels in the port: 350.13457700309704

Total vessels in the port at every hour in the simulation: 
[0.0, 0.0, 0.0, 0.0, 0.0, 28.0, 83.0, 136.0, 224.0, 271.0, 336.0, 373.0, 398.0, 400.0, 400.0, 399.0, 399.0, 400.0, 400.0, 399.0, 399.0, 399.0, 399.0, 400.0, 398.0, 396.0, 396.0, 396.0, 393.0, 390.0, 388.0, 389.0, 386.0, 386.0, 387.0, 382.0, 380.0, 380.0, 370.0, 367.0, 362.0, 368.0, 364.0, 365.0, 359.0, 352.0, 353.0, 346.0, 343.0, 348.0, 341.0, 344.0, 338.0, 342.0, 344.0, 344.0, 341.0, 345.0, 346.0, 337.0, 339.0, 338.0, 335.0, 339.0, 336.0, 342.0, 348.0, 352.0, 348.0, 354.0, 350.0, 350.0, 352.0, 358.0, 360.0, 361.0, 360.0, 356.0, 354.0, 347.0, 348.0, 356.0, 362.0, 364.0, 356.0, 354.0, 356.0, 358.0, 359.0, 357.0, 355.0, 358.0, 354.0, 349.0, 350.0, 345.0, 344.0, 349.0, 346.0, 342.0, 347.0, 344.0, 342.0, 351.0, 353.0, 356.0, 356.0, 352.0, 351.0, 355.0, 354.0, 360.0, 360.0, 355.0, 358.0, 360.0, 355.0, 356.0, 347.0, 350.0, 356.0, 352.0, 352.0, 354.0, 349.0, 354.0, 358.0, 354.0, 349.0, 345.0, 350.0, 358.0, 355.0, 352.0, 357.0, 352.0, 350.0, 351.0, 353.0, 352.0, 354.0, 356.0, 358.0, 356.0, 356.0, 356.0, 355.0, 351.0, 351.0, 359.0, 361.0, 370.0, 369.0, 368.0, 362.0, 359.0, 352.0, 352.0, 348.0, 342.0, 351.0, 344.0, 341.0, 348.0, 349.0, 340.0, 344.0, 338.0]

Average idle time for Lock A: 0.07654617953228321

Average idle time for Lock B: 0.052451506277430206

Average idle time for Lock C: 0.0400684863470544

Times Lock A changed state without containing ships: 36

Times Lock B changed state without containing ships: 44

Times Lock C changed state without containing ships: 66

Remaining capacity for Lock A hourly: 
[62500, 62500, 125000, 62500, 62500, 65611, 62500, 3111, 62500, 62826, 187, 62500, 63353, 96, 57101, 63640, 6200, 62500, 46094, 125000, 62500, 62500, 125000, 51493, 62500, 125000, 57101, 62500, 62500, 113645, 62500, 35087, 125000, 62500, 35087, 108246, 51493, 12377, 61804, 118336, 57101, 51493, 57067, 59843, 62500, 79220, 45398, 44829, 61804, 63522, 27518, 56057, 81962, 38525, 43216, 54549, 40695, 51145, 13282, 82728, 33822, 45746, 106715, 50437, 38734, 95626, 51493, 45746, 55488, 56649, 60539, 40486, 113645, 46094, 55836, 68770, 45746, 49880, 50228, 72568, 62500, 57101, 86441, 56405, 56405, 122343, 33822, 61804, 39442, 82994, 51145, 17416, 92188, 34739, 44690, 93665, 23732, 46303, 56753, 99052, 28783, 33822, 96056, 46094, 44829, 86232, 51145, 44481, 56753, 95974, 61235, 28644, 111545, 61804, 56753, 106285, 17985, 56405, 61235, 115900, 39790, 50089, 96752, 29331, 34739, 112728, 17416, 55836, 51493, 62687, 50797, 40695, 58332, 40486, 18472, 106146, 44829, 56753, 44133, 96543, 55836, 34043, 95847, 62152, 62152, 110419, 45746, 38177, 50228, 113993, 56405, 56753, 113854, 48615, 50437, 94443, 62152, 62152, 46094, 117292, 46433, 523, 101234, 45746, 51354, 74030, 49532, 61456]

Remaining capacity for Lock B hourly: 
[68000, 34000, 68000, 68000, 68000, 34000, 68000, 68000, 34000, 35606, 35606, 34144, 283, 34144, 34144, 34144, 34000, 34283, 34283, 34283, 283, 34283, 34283, 34000, 28884, 34283, 34283, 283, 34283, 34283, 34283, 34000, 42897, 48677, 62601, 34000, 67304, 35188, 979, 45986, 68000, 51246, 28601, 23485, 28188, 33575, 17246, 34144, 45290, 11561, 28253, 49854, 45499, 11638, 7418, 22916, 19342, 11638, 45638, 33796, 54336, 14716, 31614, 48020, 42064, 21380, 22232, 26575, 10373, 37930, 28736, 39543, 21380, 29432, 34356, 15347, 11838, 31974, 24172, 44025, 10025, 38847, 9739, 15633, 9600, 48020, 49981, 25723, 8683, 26354, 45499, 22506, 18295, 48020, 40448, 15981, 39195, 49981, 5322, 38847, 60292, 28176, 19407, 33227, 39404, 19690, 19767, 31266, 40239, 29093, 22297, 22359, 4561, 20336, 17042, 43317, 49285, 12195, 55949, 41495, 19563, 21380, 42760, 66387, 36444, 10721, 9948, 33984, 4626, 35397, 38974, 57202, 6239, 6232, 10656, 59596, 16898, 53419, 56506, 65691, 34000, 22093, 15777, 631, 20038, 33796, 49842, 28601, 32322, 28884, 25867, 26292, 23833, 39543, 20955, 32735, 24393, 22580, 7843, 28884, 33935, 28397, 1188, 15638, 21663, 26354, 5531, 54684]

Remaining capacity for Lock C hourly: 
[51300, 76950, 76950, 51300, 76950, 51300, 55354, 55354, 29704, 31670, 26502, 52709, 27354, 26502, 52709, 25712, 27862, 52406, 21357, 25750, 27304, 54936, 32922, 29286, 38530, 29286, 32922, 41968, 23539, 54588, 45901, 76254, 70855, 45901, 64203, 29286, 69811, 70855, 21009, 53045, 45901, 43999, 33131, 44288, 46729, 39249, 58235, 46311, 27673, 33204, 21357, 22684, 35165, 28938, 8448, 23539, 30474, 6847, 3211, 5361, 9863, 51084, 12234, 18279, 38034, 14705, 37138, 41481, 15401, 63634, 21787, 31518, 38034, 39945, 47576, 39597, 42177, 42664, 38889, 51919, 27673, 64887, 58223, 44857, 60535, 33629, 69590, 70507, 38414, 50654, 17792, 37138, 26688, 27882, 30474, 27673, 54449, 30613, 22486, 40703, 28091, 23462, 57318, 25712, 61104, 4951, 35304, 31031, 37763, 46045, 26617, 46659, 47576, 34894, 70507, 26269, 45255, 35873, 21230, 57666, 32933, 69590, 38043, 23539, 56970, 22495, 22336, 43654, 39945, 64899, 43023, 49610, 25783, 34198, 28280, 28242, 34248, 52975, 31668, 34469, 26408, 38391, 41620, 47505, 42316, 33490, 40924, 47228, 44857, 43233, 27673, 67756, 29348, 15958, 37486, 43940, 70855, 68546, 19048, 43442, 39249, 35873, 41620, 33281, 15533, 38680, 58235, 56622]