Total amount of ships that left the port via the Sea: 100
	CrudeOilTanker: 28
	BulkCarrier: 23
	TugBoat: 31
	SmallCargoFreighter: 18

Average travel time for a vessel: 47.51724050000003

Average waiting time for a vessel in the anchorpoint: 0.0

Average number of vessels in the port: 45.19194618259325

Total vessels in the port at every hour in the simulation: 
[0.0, 0.0, 0.0, 0.0, 0.0, 23.0, 51.0, 51.0, 79.0, 85.0, 100.0, 100.0, 100.0, 100.0, 100.0, 100.0, 100.0, 100.0, 100.0, 100.0, 100.0, 100.0, 100.0, 100.0, 100.0, 99.0, 99.0, 98.0, 98.0, 95.0, 95.0, 95.0, 95.0, 93.0, 93.0, 89.0, 89.0, 87.0, 87.0, 84.0, 84.0, 82.0, 82.0, 81.0, 81.0, 77.0, 77.0, 72.0, 72.0, 63.0, 63.0, 55.0, 55.0, 49.0, 49.0, 46.0, 46.0, 42.0, 42.0, 36.0, 36.0, 33.0, 33.0, 29.0, 29.0, 26.0, 26.0, 18.0, 18.0, 14.0, 14.0, 9.0, 9.0, 6.0, 6.0, 5.0, 5.0, 3.0, 3.0, 3.0, 3.0, 0.0, 0.0, 0.0, 0.0, 0.0, 0.0, 0.0, 0.0, 0.0, 0.0, 0.0]

Average idle time for Lock A: 0.2452522642883146

Average idle time for Lock B: 1.0

Average idle time for Lock C: 1.0

Times Lock A changed state without containing ships: 56

Times Lock B changed state without containing ships: 123

Times Lock C changed state without containing ships: 184

Remaining capacity for Lock A hourly: 
[62500, 62500, 62500, 62500, 62500, 40904, 62500, 2693, 62500, 187, 62500, 187, 62500, 187, 62500, 187, 62500, 1234, 62500, 1140, 62500, 49850, 62500, 62500, 51493, 62500, 57101, 62500, 51354, 62500, 62500, 62500, 61804, 62500, 44481, 62500, 55836, 62500, 45746, 62500, 40486, 62500, 51493, 62500, 49532, 62500, 29340, 62500, 16372, 62500, 26462, 62500, 33683, 62500, 35087, 62500, 38873, 62500, 34600, 62500, 60539, 62500, 34739, 62500, 56405, 62500, 32430, 62500, 48615, 62500, 58009, 62500, 44829, 62500, 62152, 62500, 60887, 62500, 62500, 62500, 39221, 62500, 62500, 62500, 62500, 62500, 62500, 62500, 62500, 62500, 62500, 62500]

Remaining capacity for Lock B hourly: 
[34000, 68000, 34000, 34000, 68000, 34000, 34000, 68000, 34000, 34000, 68000, 34000, 34000, 68000, 34000, 34000, 68000, 34000, 34000, 68000, 34000, 34000, 68000, 34000, 34000, 68000, 34000, 34000, 68000, 34000, 34000, 68000, 34000, 34000, 68000, 34000, 34000, 68000, 34000, 34000, 68000, 34000, 34000, 68000, 34000, 34000, 68000, 34000, 34000, 68000, 34000, 34000, 68000, 34000, 34000, 68000, 34000, 34000, 68000, 34000, 34000, 68000, 34000, 34000, 68000, 34000, 34000, 68000, 34000, 34000, 68000, 34000, 34000, 68000, 34000, 34000, 68000, 34000, 34000, 68000, 34000, 34000, 68000, 34000, 34000, 68000, 34000, 34000, 68000, 34000, 34000, 68000]

Remaining capacity for Lock C hourly: 
[51300, 51300, 51300, 51300, 51300, 51300, 51300, 51300, 51300, 51300, 51300, 51300, 51300, 51300, 51300, 51300, 51300, 51300, 51300, 51300, 51300, 51300, 51300, 51300, 51300, 51300, 51300, 51300, 51300, 51300, 51300, 51300, 51300, 51300, 51300, 51300, 51300, 51300, 51300, 51300, 51300, 51300, 51300, 51300, 51300, 51300, 51300, 51300, 51300, 51300, 51300, 51300, 51300, 51300, 51300, 51300, 51300, 51300, 51300, 51300, 51300, 51300, 51300, 51300, 51300, 51300, 51300, 51300, 51300, 51300, 51300, 51300, 51300, 51300, 51300, 51300, 51300, 51300, 51300, 51300, 51300, 51300, 51300, 51300, 51300, 51300, 51300, 51300, 51300, 51300, 51300, 51300]