Total amount of ships that left the port via the Sea: 1173
	CrudeOilTanker: 7101
	BulkCarrier: 5676
	TugBoat: 8368
	SmallCargoFreighter: 4272

Average travel time for a vessel: 40.09878929159801

Average waiting time for a vessel in the anchorpoint: 67.75542898961517

Average number of vessels in the port: 350.9581194990129

Total vessels in the port at every hour in the simulation: 
[0.0, 0.0, 0.0, 0.0, 0.0, 23.0, 72.0, 132.0, 208.0, 249.0, 324.0, 362.0, 396.0, 400.0, 400.0, 400.0, 400.0, 400.0, 399.0, 398.0, 397.0, 396.0, 395.0, 394.0, 393.0, 392.0, 390.0, 392.0, 391.0, 390.0, 390.0, 388.0, 389.0, 381.0, 380.0, 374.0, 375.0, 377.0, 379.0, 371.0, 376.0, 373.0, 370.0, 372.0, 366.0, 357.0, 357.0, 352.0, 346.0, 349.0, 343.0, 344.0, 345.0, 347.0, 339.0, 342.0, 335.0, 338.0, 334.0, 335.0, 342.0, 336.0, 336.0, 350.0, 347.0, 351.0, 357.0, 346.0, 347.0, 344.0, 343.0, 347.0, 348.0, 351.0, 357.0, 359.0, 354.0, 353.0, 353.0, 350.0, 357.0, 354.0, 353.0, 363.0, 364.0, 358.0, 366.0, 364.0, 360.0, 362.0, 363.0, 364.0, 359.0, 355.0, 359.0, 352.0, 349.0, 352.0, 346.0, 337.0, 336.0, 330.0, 330.0, 338.0, 339.0, 347.0, 357.0, 361.0, 362.0, 366.0, 364.0, 363.0, 357.0, 357.0, 352.0, 342.0, 337.0, 338.0, 334.0, 331.0, 334.0, 336.0, 341.0, 345.0, 353.0, 357.0, 356.0, 359.0, 358.0, 357.0, 357.0, 362.0, 359.0, 358.0, 363.0, 356.0, 362.0, 365.0, 353.0, 353.0, 359.0, 361.0, 367.0, 367.0, 362.0, 353.0, 353.0, 352.0, 346.0, 353.0, 355.0, 355.0, 358.0, 350.0, 350.0, 351.0, 355.0, 361.0, 363.0, 359.0, 358.0, 355.0, 350.0, 357.0, 360.0, 363.0, 366.0, 359.0]

Average idle time for Lock A: 0.06326040449725985

Average idle time for Lock B: 0.05888933253603528

Average idle time for Lock C: 0.041405336935452314

Times Lock A changed state without containing ships: 30

Times Lock B changed state without containing ships: 39

Times Lock C changed state without containing ships: 71

Remaining capacity for Lock A hourly: 
[62500, 62500, 125000, 62500, 62500, 65611, 62500, 2275, 62500, 62687, 187, 62500, 62687, 411, 62500, 63640, 26571, 62500, 62500, 124652, 62500, 62500, 124652, 62500, 62500, 125000, 62500, 62500, 57101, 117988, 62500, 56753, 106981, 62500, 29688, 113297, 57101, 49880, 35087, 75295, 56753, 62152, 99621, 51145, 29549, 89310, 60887, 27866, 29479, 33010, 56753, 44133, 95139, 53875, 51145, 78164, 49962, 39790, 23802, 99400, 33822, 48267, 108246, 54571, 44702, 84840, 44133, 51145, 47907, 109850, 34391, 56753, 101582, 49741, 29897, 88614, 48615, 40695, 49532, 75782, 28423, 62500, 115110, 51145, 49184, 100317, 61804, 61804, 62152, 107898, 45050, 59970, 112032, 51493, 7535, 102290, 61235, 44481, 45955, 65683, 49741, 50228, 92609, 54792, 43564, 87488, 60887, 53527, 61235, 85397, 62152, 61108, 94709, 43564, 54223, 100329, 51702, 23732, 54223, 88405, 46303, 1718, 73821, 51145, 48963, 95626, 61804, 50797, 46094, 99760, 57101, 44829, 87140, 51493, 55140, 103195, 33474, 60539, 35087, 99760, 56753, 39221, 116027, 48615, 40695, 94443, 37469, 61235, 44133, 94709, 24080, 39221, 72904, 38525, 51145, 110071, 50797, 53306, 47907, 85188, 49880, 39082, 75225, 57101, 50228, 97796, 32557, 48128]

Remaining capacity for Lock B hourly: 
[68000, 34000, 68000, 68000, 68000, 34000, 68000, 68000, 34000, 35606, 35606, 34214, 144, 34144, 34005, 34144, 34000, 28884, 34283, 34283, 283, 34283, 34283, 22645, 34283, 34283, 55284, 2375, 41474, 68000, 67652, 33652, 51246, 55032, 61336, 34000, 68000, 40587, 27557, 35397, 51594, 43665, 28601, 46195, 60988, 34492, 283, 29789, 26911, 66387, 32387, 27967, 34831, 10234, 25658, 12342, 7427, 12195, 13035, 22568, 2588, 16898, 31045, 31266, 37930, 6587, 30013, 55253, 32387, 24741, 34483, 25867, 840, 21094, 34831, 33575, 30774, 32879, 41356, 53976, 33304, 31266, 33366, 32387, 30906, 44025, 49981, 16898, 38974, 5814, 26354, 21032, 5953, 33923, 21094, 6239, 21524, 15695, 27905, 31962, 24950, 6522, 20115, 36665, 33018, 31962, 22297, 16821, 32449, 10517, 9108, 17308, 33018, 6239, 10169, 34492, 10656, 22993, 43550, 32658, 23276, 32735, 42273, 44455, 43656, 12407, 27967, 26215, 15285, 22777, 2167, 12478, 9665, 50759, 15916, 18086, 979, 37361, 43329, 38057, 5891, 33575, 12130, 3709, 22707, 27828, 45290, 22645, 22429, 48577, 50202, 32387, 37013, 39534, 33923, 20336, 29232, 39891, 16190, 23833, 28315, 62253, 16898, 31393, 33227, 49981, 17246, 11213]

Remaining capacity for Lock C hourly: 
[51300, 76950, 76950, 51300, 76950, 51300, 71551, 55354, 29704, 33062, 27059, 52152, 28468, 27059, 52709, 25933, 25750, 51350, 25700, 21746, 26408, 47007, 27523, 29286, 49537, 18488, 32922, 38530, 18488, 64330, 50952, 60544, 65456, 45553, 63286, 50952, 65943, 71551, 39597, 59279, 50035, 36790, 70855, 39458, 36221, 38332, 49189, 31948, 34894, 32644, 5520, 53532, 14985, 14218, 24297, 21578, 11747, 28779, 9167, 20720, 36011, 47576, 53544, 24656, 35525, 26977, 17854, 42168, 29147, 47924, 28938, 53532, 14555, 6785, 25562, 18488, 32856, 53671, 10002, 47437, 27673, 59848, 32226, 50035, 23601, 17931, 53544, 30114, 33850, 52836, 39945, 48841, 54101, 23539, 50793, 33154, 47797, 16099, 27534, 48693, 26965, 31948, 64330, 32016, 30265, 21926, 30961, 40785, 33850, 47228, 23191, 36769, 65247, 39249, 26131, 39597, 21219, 15103, 26269, 14486, 27534, 39647, 39090, 17223, 43094, 6007, 28861, 36917, 34198, 24297, 49687, 45046, 45963, 26408, 36221, 21578, 43929, 24866, 10919, 32574, 17931, 64551, 26479, 23539, 42177, 37984, 67281, 42038, 45553, 42664, 6576, 12025, 26258, 8737, 64899, 50604, 50306, 53184, 17583, 6151, 21926, 47924, 69590, 39945, 27175, 15970, 27732, 30126]